-6.61537144e-03 -6.51435107e-02 9.47041214e-02 6.75584525e-02 3.69777270e-02 -1.08064339e-01
-7.54116625e-02 -1.87652662e-01 4.65279957e-03 -1.73487216e-01 4.19325046e-02 -4.59256247e-02
1.36646956e-01 -1.58918172e-01 2.71842480e-02 7.51129910e-02 -1.18406489e-01 4.63189818e-02
-1.08682252e-01 8.45369399e-02 -1.29442856e-01 -1.12823278e-01 -4.85850424e-02 -9.60250869e-02
3.64869535e-02 -6.94421232e-02 -4.09575365e-03 -1.54233044e-02 1.43759638e-01 -1.20502904e-01
2.49946620e-02 1.19657337e-03 8.41770917e-02 -7.12829083e-02 -1.47523597e-01 -8.97400305e-02
-3.98851298e-02 -9.04009491e-02 1.03269026e-01 -5.04592136e-02 7.09152818e-02 -5.58300652e-02
-8.85888562e-02 3.22484262e-02 1.11151189e-01 3.67900617e-02 -9.44989473e-02 1.05551421e-03
1.24869972e-01 -8.84934142e-03 -1.81365907e-02 -1.45349696e-01 1.48506507e-01 -7.40138739e-02
2.98060421e-02 3.36591329e-04 1.66138589e-01 -5.08712828e-02 6.63361221e-04 7.55787864e-02
-2.58111879e-02 -2.29156250e-03 8.45578015e-02 6.35719150e-02 -2.54490431e-02 4.87950817e-02
-3.42083126e-02 1.27541557e-01 -1.91101640e-01 4.17576954e-02 7.86598250e-02 1.16204970e-01
1.08311616e-01 4.06169929e-02 3.00769750e-02 -4.35731150e-02 2.33603828e-02 4.25540917e-02
-1.41949177e-01 1.18337385e-02 -2.26538815e-02 1.82681140e-02 4.57320437e-02 -1.21733032e-01
9.72972997e-03 4.55806358e-03 -1.06089823e-01 8.33885968e-02 -1.52487367e-01 -6.46803379e-02
3.23733874e-02 -7.43929893e-02 1.06177591e-01 6.97568208e-02 3.72365452e-02 -2.93967943e-03
1.39727309e-01 -1.29169032e-01 7.06713274e-02 6.92436174e-02 -1.88952908e-01 1.77038074e-01
-3.14995758e-02 -1.00705646e-01 -4.51796167e-02 -6.75562257e-03 -1.20496765e-01 1.03399977e-01
-2.20559947e-02 -1.30335763e-01 -1.20840862e-01 -1.11684702e-01 -5.82022257e-02 3.66065428e-02
9.71962512e-02 -8.77903402e-02 -1.17881425e-01 1.41264677e-01 1.44561782e-01 -8.56260955e-02
-4.25157100e-02 -4.47053760e-02 1.87979806e-02 -3.07821110e-02 3.44516113e-02 -6.27894998e-02
-6.85778186e-02 1.38622761e-01 1.13490947e-01 -4.66022752e-02 7.05322549e-02 8.93940181e-02
-1.13837384e-02 -1.96873412e-01 -1.06457867e-01 -1.14964023e-02 1.93296134e-01 3.48979980e-02
-9.36651379e-02 -1.40571287e-02 -8.83487761e-02 -7.00372607e-02 1.78014264e-02 -8.37742351e-03
-9.70344767e-02 3.13802995e-02 -6.05201982e-02 6.73948377e-02 2.19660602e-03 1.53871179e-02
-8.06710720e-02 1.62891254e-01 -5.91934547e-02 -1.83581132e-02 -9.66722742e-02 1.13797607e-03
-9.18971933e-03 3.91745120e-02 6.12952039e-02 1.55713074e-02 -6.94875568e-02 -4.15408838e-04
-3.68839987e-02 -1.72659144e-01 -6.48392364e-02 -3.67991743e-03 4.56101894e-02 7.34629929e-02
5.18805608e-02 1.52327269e-01 8.79837051e-02 3.36286910e-02 -7.18888640e-02 -1.08523205e-01
7.62359574e-02 -1.42191663e-01 1.94775656e-01 -1.97751857e-02 5.37041873e-02 -1.06202997e-03
3.37687298e-03 4.84252013e-02 2.35316884e-02 1.30663738e-02 4.81255725e-02 -1.44431710e-01
-3.56322974e-02 6.02102512e-03 -2.09478978e-02 1.02217793e-01 -2.74371612e-03 -1.32245392e-01
1.44135177e-01 1.98587552e-01 -1.33577436e-01 -1.12695051e-02 -8.22907872e-03 3.99777293e-02
-2.28053983e-02 4.26432081e-02 -2.01708376e-02 4.99337539e-02 -1.04604378e-01 -8.39983821e-02
-3.49974632e-02 -6.34562150e-02 1.24302658e-03 -1.49060681e-01 8.49110112e-02 7.98062142e-03
-8.84967372e-02 4.09986116e-02 -1.89800426e-01 -5.61663620e-02 6.39211088e-02 -5.44461235e-02
-5.94909536e-03 -1.51980892e-01 -1.33433476e-01 1.44874349e-01 -1.04342401e-02 1.23113312e-01
-6.61046207e-02 -2.28405282e-01 8.20253268e-02 9.39956959e-03 -9.48230177e-02 -1.19523630e-01
-1.01290066e-02 1.23376697e-01 -2.08742381e-03 -7.94078112e-02 7.40787163e-02 2.69617848e-02
3.39932926e-02 -2.21395791e-02 2.36903429e-02 4.89838682e-02 1.28677234e-01 -4.56218421e-03
-6.95381090e-02 -1.57339662e-01 2.66793016e-02 4.63816524e-02 -8.53838958e-03 -6.00247122e-02
3.95782776e-02 -1.35366738e-01 9.82576609e-02 1.60416421e-02 -9.91521170e-04 -4.88056876e-02
-1.39237434e-01 -1.23905884e-02 2.30530724e-02 -1.43533405e-02 1.75070256e-01 -3.13302502e-02
-1.31487632e-02 7.51370192e-02 2.60398742e-02 1.04353078e-01 -3.07086799e-02 4.36767656e-03
-2.23604199e-02 -4.09239344e-02 2.01552175e-03 -1.41803652e-01 8.75121430e-02 -1.07628312e-02
8.87331739e-02 1.33821992e-02 -5.15260957e-02 -3.95611823e-02 -1.21297631e-02 1.35583784e-02
-1.83528438e-01 -1.85822353e-01 3.82093736e-03 4.56362963e-02 1.76889181e-01 3.07104886e-02
1.97900578e-01 -1.08313598e-01 4.04759217e-03 9.14324299e-02 -1.19708851e-01 -8.42522755e-02
-6.19859770e-02 -7.71995187e-02 -4.17196937e-02 -1.28151104e-01 7.17219934e-02 4.19423617e-02
7.94975907e-02 4.13506441e-02 4.97674756e-02 -6.88926056e-02 3.94009426e-02 -1.05901144e-01
-1.11601040e-01 -8.39290619e-02 4.57420796e-02 1.70432866e-01 -4.03906256e-02 6.45003375e-03
6.22695498e-02 9.10815001e-02 -3.05518378e-02 -1.06093444e-01 2.66427342e-02 -1.28500983e-01
-2.05090158e-02 -8.39325115e-02 1.02335528e-01 3.15116271e-02 -1.47167504e-01 9.58088711e-02
-3.77142057e-02 -6.34615570e-02 -2.20655091e-02 5.76128066e-02 -5.68318665e-02 1.55850649e-01
2.97004469e-02 5.37723564e-02 -5.48367202e-02 4.50606272e-02 -1.45952359e-01 -1.32394627e-01
-1.40747922e-02 2.59560756e-02 1.23475142e-01 1.64400995e-01 9.73636284e-02 -8.84119496e-02
1.31336227e-01 5.63035309e-02 -1.37976721e-01 1.43764252e-02 1.65268287e-01 -1.00137204e-01
-7.45329931e-02 7.80409053e-02 9.89235267e-02 5.85988164e-02 5.70487529e-02 -1.53418377e-01
9.12004188e-02 1.47826418e-01 -8.42076316e-02 6.15443625e-02 1.27016142e-01 -7.07485601e-02
3.96337993e-02 -1.36388522e-02 3.95877734e-02 1.75827406e-02 2.93613095e-02 -8.76381695e-02
-6.13229126e-02 1.79549921e-02 4.76665199e-02 -8.14916342e-02 3.49665694e-02 9.46803717e-04
-1.05531797e-01 -3.14620063e-02 -1.28970176e-01 -1.17968626e-01 8.48119408e-02 9.63592809e-03
-2.92196721e-02 -1.19206354e-01 3.72336246e-02 -2.95342002e-02 -2.79207099e-02 -1.12494014e-01
8.56453404e-02 3.43923792e-02 -6.90853037e-03 -6.03109039e-02 -7.15749115e-02 1.56411812e-01
-6.25309572e-02 1.29118815e-01 1.76138300e-02 4.31323834e-02 8.22164025e-03 -6.27965182e-02
-7.64889717e-02 -8.34580287e-02 -3.84927876e-02 -7.07923546e-02 3.21982726e-02 -2.70706154e-02
5.48010394e-02 1.89915687e-01 -1.04371086e-01 7.22567514e-02 -8.26229677e-02 8.21536332e-02
-1.83973491e-01 7.85333142e-02 -5.14470339e-02 1.22776488e-02 -2.63980664e-02 -4.72940914e-02
1.47431102e-02 -3.70789766e-02 -3.30710709e-02 -1.07385874e-01 4.44477946e-02 6.58113360e-02
1.63996041e-01 -1.40984833e-01 -3.48289311e-02 3.47147584e-02 -7.89160207e-02 6.14579841e-02
-4.23457175e-02 -1.05644144e-01 -5.94242066e-02 -6.44695833e-02 4.31138650e-02 1.82884540e-02
-3.58239077e-02 -4.13497016e-02 -1.89074606e-01 -5.33658490e-02 9.47885811e-02 4.38426882e-02
-1.38386369e-01 6.10257685e-02 -3.51638086e-02 1.65125221e-01 9.06858221e-02 -8.47659260e-02
-6.07932694e-02 -8.58406276e-02 -8.87858570e-02 -7.10382611e-02 -6.73313718e-03 2.12204741e-05
1.39816314e-01 -8.31285343e-02 1.81985274e-01 -4.68218960e-02 -7.14719342e-03 5.03017008e-02
2.56585050e-02 -1.43831909e-01 -8.17088112e-02 -3.06468941e-02 1.53890029e-01 1.73849482e-02
-6.71986789e-02 -1.14183147e-02 -1.19242541e-01 -1.57712758e-01 -4.13042773e-03 -8.23142618e-05
1.09574020e-01 1.20478012e-01 -1.78636283e-01 -1.09105915e-01 1.12109184e-01 2.21339148e-02
-7.38558173e-02 -1.40192077e-01 -1.55834286e-02 -4.65261303e-02 -1.86995283e-01 4.11822088e-02
2.96670478e-02 -2.86685731e-02 2.26875804e-02 1.00650936e-01 -2.41017508e-04 -9.75171775e-02
9.34154019e-02 -1.19123004e-01 1.61310762e-01 1.03913501e-01 -1.97659917e-02 3.84893343e-02
-8.41937065e-02 1.11347318e-01 -1.01087037e-02 4.79333028e-02 -6.97901286e-03 -1.33463651e-01
-5.80254942e-02 -1.27401695e-01 8.37286711e-02 -5.89770749e-02 -5.48624620e-02 1.24548517e-01
-6.71349987e-02 -4.96255718e-02 -2.02003662e-02 7.72040337e-02 -8.74544010e-02 -5.30527271e-02
-5.16219884e-02 1.12703338e-01 6.65882826e-02 -5.66315688e-02 -1.52909711e-01 -1.62034526e-01
-8.44576135e-02 -7.51248142e-03 -1.44816071e-01 1.10868178e-01 3.32084671e-02 1.94506839e-01
9.07074586e-02 1.81299932e-02 -2.20502708e-02 1.88302085e-01 -3.56096439e-02 -2.13807169e-02
7.76307732e-02 1.03626847e-01 7.28640193e-03 1.32495433e-01 -5.78265786e-02 3.31059210e-02
5.55592291e-02 9.86035764e-02 -6.83526546e-02 -9.08922255e-02 1.98513404e-01 -6.25205487e-02
1.46745875e-01 9.65404045e-03 -1.46379516e-01 -2.39932444e-03 6.68750238e-03 -3.35916094e-02
1.22616000e-01 9.73081402e-03 -1.12399116e-01 -5.15885465e-02 1.68496445e-01 3.40483822e-02
-1.98311005e-02 6.98292106e-02 -9.15836915e-03 -1.95052788e-01 -1.36602655e-01 1.57483950e-01
-4.80041727e-02 8.22871551e-02 -3.69453691e-02 -8.05412605e-02 5.15043475e-02 -4.09786813e-02
-7.73926452e-02 -2.25026514e-02 -4.40455694e-03 -2.21326686e-02 1.14554711e-01 7.96717554e-02
1.85989439e-01 -4.55380641e-02 5.26630320e-02 1.78134367e-02 -2.64928881e-02 -1.29952282e-01
1.53185651e-01 -2.89061219e-02 1.41862966e-02 -1.74188465e-02 -8.59359801e-02 3.47312391e-02
-5.88870384e-02 -9.03820544e-02 1.33955283e-02 -2.79527418e-02 -6.89825267e-02 8.67300779e-02
2.80521885e-02 -1.95887294e-02 2.26031300e-02 -1.40842255e-02 2.91281287e-02 5.61692119e-02
-1.42028779e-02 -1.37281835e-01 1.83046311e-02 -1.62793174e-02 -1.01988733e-01 -4.84610982e-02
6.63990080e-02 3.10463328e-02 2.71615461e-02 -1.69970910e-03 -9.72214118e-02 -1.82876378e-01
2.61557586e-02 -7.62802921e-03 5.21422513e-02 7.18663335e-02 1.45953178e-01 1.36187166e-01
-5.21521382e-02 9.54185501e-02 7.13044703e-02 9.24019963e-02 9.34656039e-02 -9.47157815e-02
-6.98421746e-02 -1.31771788e-01 7.52869025e-02 3.93154249e-02 -4.49058376e-02 -3.75989154e-02
9.94573906e-03 -7.75267780e-02 -4.35338169e-02 9.43142697e-02 6.40500486e-02 -9.82461199e-02
4.35043313e-02 1.31046668e-01 -7.68418983e-02 -1.55493379e-01 7.56375715e-02 9.04901028e-02
-7.89494514e-02 7.42835924e-03 -1.53095528e-01 -9.83448327e-02 -8.88631791e-02 -7.25355446e-02
1.44715592e-01 -3.42019387e-02 -1.47810340e-01 1.51082918e-01 1.43005297e-01 -1.84071839e-01
2.84887813e-02 7.65471533e-02 3.16192694e-02 -2.29350254e-02 3.92838530e-02 -1.45452738e-01
-1.36123747e-01 -1.27709121e-01 1.33901583e-02 -4.29513082e-02 -9.04941037e-02 4.70858216e-02
-1.90104678e-01 9.13485140e-02 -2.76083834e-02 -4.70672324e-02 -2.75342222e-02 9.74527597e-02
-1.55707419e-01 -7.02027753e-02 1.39692605e-01 -4.65650782e-02 -9.84330550e-02 -1.12008601e-01
8.52515176e-02 -9.05360207e-02 -1.71045423e-01 -2.45817397e-02 1.36792123e-01 1.65392593e-01
6.32472560e-02 1.49961729e-02 -8.60829931e-03 -1.04425028e-01 -6.39019310e-02 1.26046315e-01
-8.22234079e-02 -1.21331163e-01 6.21278621e-02 -3.34660746e-02 1.79175571e-01 -2.93520596e-02
1.10610984e-01 -5.04858866e-02 -5.72790578e-02 2.87600830e-02 -1.18004819e-02 5.76223843e-02
9.62033868e-02 -4.23881076e-02 -7.23755360e-02 1.58870891e-01 1.74289830e-02 2.41195131e-02
-1.69883892e-01 6.62860721e-02 8.41728821e-02 1.95109159e-01 -1.37524307e-01 -1.88149109e-01
-1.99594572e-02 4.95135561e-02 -1.15180157e-01 1.09687135e-01 1.37427479e-01 4.26431857e-02
-1.59495860e-01 5.63370697e-02 -3.96540910e-02 7.15398043e-02 -9.65003744e-02 -1.42109230e-01
-4.41420563e-02 4.51989733e-02 -1.06749296e-01 1.24963056e-02 1.91270765e-02 1.05636053e-01
1.61733538e-01 -4.68085408e-02 1.32143527e-01 -9.26806703e-02 -1.28425360e-01 3.86702195e-02
2.26801410e-02 1.96204782e-02 -4.63689826e-02 -9.77387652e-02 -1.80078857e-02 -1.08253323e-01
6.24353401e-02 4.72993292e-02 -3.70217748e-02 -1.65477157e-01 -4.36062925e-02 -1.41826600e-01
1.14897497e-01 -5.99851906e-02 -1.81972608e-02 -1.79887339e-01 -1.38077244e-01 -3.74663174e-02
7.42127448e-02 -2.27177050e-02 -8.11656099e-03 1.45548195e-01 1.00101106e-01 -2.61050761e-02
1.16048120e-01 -4.71528508e-02 1.88373566e-01 8.44364055e-04 1.36807198e-02 5.36988974e-02
-3.07166725e-02 4.96722981e-02 -6.10368103e-02 2.03451719e-02 -1.41114756e-01 -2.99308915e-02
4.25119000e-03 2.41880752e-02 -4.12567258e-02 -4.52343486e-02 2.29674429e-02 -1.82433039e-01
-7.44514726e-03 8.81165490e-02 4.08641342e-03 3.50386053e-02 3.78753394e-02 -1.34354560e-02
-1.39142856e-01 -9.35217589e-02 1.11917682e-01 3.87865156e-02 8.04604888e-02 -1.07355401e-01
1.67766456e-02 -1.78331643e-01 -1.95265800e-01 -3.52638662e-02 -1.03705429e-01 -8.74151364e-02
6.90236464e-02 1.31859174e-02 1.58467636e-01 5.76700866e-02 -1.19626679e-01 -1.44082963e-01
-9.46190953e-03 6.28420189e-02 7.34620318e-02 3.37655481e-04 -1.81768835e-01 -2.36847810e-02
8.43095705e-02 8.15933123e-02 1.72705248e-01 3.82679962e-02 -8.53245035e-02 1.05069049e-01
1.25740245e-01 -3.56050208e-02 9.09069628e-02 5.38590439e-02 -2.58175954e-02 -1.93143412e-01
-1.79934856e-02 1.47836626e-01 1.86121594e-02 2.84988880e-02 -1.04399405e-01 9.77953747e-02
-6.25154674e-02 3.56588811e-02 1.07994050e-01 -1.07620552e-01 6.70095757e-02 -7.26849884e-02
-4.08411324e-02 -2.02517658e-02 2.98170820e-02 1.28629878e-01 -9.87512320e-02 -1.17500693e-01
-1.88414156e-01 1.27335519e-01 -8.36544856e-02 -9.86230839e-03 -1.84220131e-02 1.17990943e-02
3.99373136e-02 -1.28053159e-01 -1.73050135e-01 -9.66988578e-02 1.29454836e-01 1.44116413e-02
9.91454720e-02 1.37191787e-01 -1.25990763e-01 -9.49354321e-02 -4.75425273e-02 9.17212889e-02
9.45746899e-02 6.29750714e-02 7.56688714e-02 -7.36543238e-02 -1.12478092e-01 1.89235788e-02
-1.59690797e-01 -1.35442480e-01 -6.76989835e-03 1.47643685e-03 1.62917953e-02 -1.05484165e-01
-9.97035578e-02 1.39162719e-01 -3.41612734e-02 8.54835063e-02 -1.50509313e-01 -1.68656290e-01
1.93110935e-03 1.51377451e-02 -3.29774283e-02 2.53556180e-03 -6.90847859e-02 1.12203442e-01
3.00002974e-02 1.45766109e-01 -9.43431407e-02 -8.03693086e-02 3.64014916e-02 7.97788575e-02
5.85581511e-02 -3.51265222e-02 -5.45777045e-02 3.62919904e-02 -1.01219602e-01 8.75341669e-02
-6.17443807e-02 4.95501943e-02 9.82571244e-02 -8.49601552e-02 1.05960416e-02 7.23475888e-02
1.01663947e-01 1.28937781e-01 4.18842919e-02 7.07728118e-02 -1.59477025e-01 3.70459855e-02
9.50771421e-02 -1.74501166e-02 -1.01867519e-01 1.03929937e-01 -8.99967179e-02 -5.22954799e-02
1.12306073e-01 8.57641622e-02 -8.16113800e-02 -6.41525388e-02 -5.50067835e-02 1.46181798e-02
4.52258512e-02 -1.09956926e-02 1.97002098e-01 -8.33780691e-02 9.08568036e-03 1.19092735e-02
2.32066587e-02 -1.11165971e-01 -4.18911241e-02 -6.54034168e-02 -6.16486594e-02 2.68313643e-02
-1.53303310e-01 -1.50959104e-01 -1.09958954e-01 1.24435857e-01 -3.44153233e-02 -9.20587108e-02
-9.37285721e-02 -1.11344038e-02 -5.01232035e-03 1.03788264e-01 -1.27656564e-01 -1.48890843e-03
2.77265925e-02 -8.04550797e-02 6.53677136e-02 -7.56259486e-02 5.42940311e-02 -8.90672281e-02
-1.54752403e-01 -2.52978683e-01 6.85853139e-02 3.05088107e-02 4.79640923e-02 8.03180598e-03
-1.57052442e-01 -1.24350160e-01 -2.40795389e-02 -2.20655706e-02 -1.48729514e-02 1.25669250e-02
-1.52993761e-03 5.46251871e-02 -6.55260757e-02 -1.32512957e-01 6.94880113e-02 -1.77356109e-01
1.36254296e-01 1.04546241e-01 -1.69041559e-01 -1.42867282e-01 -7.58242160e-02 1.64777040e-02
-1.11118823e-01 -1.09171391e-01 7.54482970e-02 -1.02725692e-01 8.09942856e-02 9.47930440e-02
-1.15753235e-02 -1.09426960e-01 1.77142173e-01 7.47658983e-02 6.58598319e-02 1.06189661e-02
-1.88751534e-01 -1.39778584e-01 -1.24122590e-01 1.81727737e-01 6.81335554e-02 -1.85018126e-02
6.73354343e-02 1.21573023e-01 -1.44869581e-01 -1.06328428e-01 -6.37105778e-02 4.15759236e-02
-1.32301182e-01 -9.54452455e-02 4.53843027e-02 -1.55338347e-01 -4.31752428e-02 -2.00151769e-03
1.52022922e-02 1.26818538e-01 -1.07520970e-03 1.06713161e-01 2.66557243e-02 -1.95430517e-01
-4.07408811e-02 6.50822222e-02 -8.11571181e-02 -8.77370685e-02 -2.99703069e-02 9.44259018e-02
-8.69655330e-03 -1.47208303e-01 -1.73888251e-01 -6.00618087e-02 3.04114204e-02 1.20463176e-02
-1.18885756e-01 -3.62776443e-02 -4.24446985e-02 1.16739236e-01 -9.79086570e-03 1.23378783e-02
5.44979610e-02 -2.01630052e-02 -6.49376959e-02 3.57188247e-02 -2.86797080e-02 -3.94403329e-03
-6.04531243e-02 -1.33003563e-01 -9.05059949e-02 -1.45724311e-01 1.41944094e-02 3.48741785e-02
-2.84492355e-02 -1.51362285e-01 -1.02695160e-01 -7.34621519e-03 -5.44020645e-02 -3.87561391e-04
4.37503122e-02 6.02643490e-02 3.99641357e-02 9.80070606e-02 -1.29691198e-01 -1.96031988e-01
2.20442917e-02 -3.01747816e-03 2.98650693e-02 -5.04538119e-02 -4.31603519e-03 8.75764564e-02
2.37288252e-02 1.84782878e-01 -7.36274794e-02 -1.84684604e-01 2.01829374e-02 1.32728010e-01
-1.64065957e-01 5.43152168e-02 5.29158823e-02 -5.32842381e-03 -6.88569471e-02 -1.59850549e-02
1.88300654e-01 2.93476749e-02 1.33360468e-03 6.43852586e-03 1.80700958e-01 -4.97342944e-02
-4.89888415e-02 -1.17354244e-01 -1.50077802e-03 2.33496502e-02 -8.71799141e-02 -1.09867923e-01
-5.30057587e-02 -4.23494466e-02 5.97068295e-02 1.03106000e-01 8.79752636e-02 -2.97008082e-02
7.86503498e-03 -1.72792152e-02 -8.77218507e-03 -2.93725040e-02 1.89503673e-02 4.50873971e-02
-7.26656318e-02 -1.04725160e-01 2.28406433e-02 -5.91235310e-02 -9.20873210e-02 -5.67836314e-02
-3.22021060e-02 7.83334449e-02 -2.64758039e-02 4.99396510e-02 2.86716912e-02 7.03500435e-02
5.13395965e-02 -7.84448832e-02 -1.05098024e-01 1.03775449e-02 1.98157486e-02 1.87736318e-01
1.06519818e-01 1.19402021e-01 -5.77465668e-02 -1.59615651e-01 -1.14675000e-01 -5.23171499e-02
6.00644834e-02 -2.67806288e-04 -3.16123255e-02 2.63725147e-02 1.09157953e-02 3.00239772e-02
3.41914631e-02 -3.44442502e-02 1.83232889e-01 8.16101208e-02 -8.08607265e-02 -2.30223145e-02
2.64886534e-03 1.51439473e-01 1.74723521e-01 -4.93029952e-02 6.72959462e-02 1.95356950e-01
-6.85120821e-02 1.06796764e-01 -3.63677070e-02 -6.75787106e-02 2.51463912e-02 2.37653665e-02
1.34042636e-01 -3.30256000e-02 -1.03321128e-01 7.65304863e-02 -1.15059428e-01 2.61486433e-02
2.36518756e-02 8.58088657e-02 -5.27877100e-02 -1.07354447e-01 8.88920110e-03 6.60104603e-02
1.01168796e-01 -2.95003038e-02 -1.11870430e-01 -6.43264828e-03 -2.20205054e-01 7.65441284e-02
-1.72920153e-01 5.42723164e-02 -1.88582446e-02 -1.79091189e-02 -1.05094336e-01 -5.36742397e-02
-8.29558447e-03 -7.18086064e-02 1.05091535e-01 5.68947420e-02 -5.79456165e-02 -9.08532143e-02
-1.45862907e-01 -5.31971753e-02 -1.76688984e-01 -1.69978533e-02 -1.42838717e-01 8.81219190e-03
-2.86496058e-02 8.43196809e-02 -1.18927345e-01 3.09602171e-02 -1.33353516e-01 -6.75771609e-02
-3.13603356e-02 -9.05146748e-02 5.62376752e-02 -6.90851957e-02 -2.87801363e-02 3.73027846e-02
3.75395380e-02 -1.58362687e-02 5.91296516e-02 -9.93072912e-02 -1.38380304e-01 3.60862128e-02
6.55395836e-02 1.00860745e-01 3.32858926e-03 4.07843431e-03 -5.99643029e-02 7.23182783e-02
8.62693936e-02 7.96933547e-02 -1.55191468e-02 -3.08962706e-02 1.45332767e-02 -7.60411248e-02
-1.56732008e-01 1.06657976e-02 -7.33998343e-02 -1.42621845e-01 7.00196102e-02 -6.56940416e-02
5.49798459e-02 1.34504646e-01 9.05970484e-02 -1.19375587e-01 -9.75608900e-02 -3.83213302e-03
-5.93083352e-02 1.02769502e-01 -3.47922370e-02 -1.03760198e-01 -5.21358475e-02 -8.80034268e-02
-7.49163702e-02 8.33925679e-02 6.46456983e-03 -8.14875141e-02 -3.09471646e-03 -1.73707038e-01
1.30688503e-01 -1.26209959e-01 -3.62019315e-02 1.61199659e-01 -2.16024965e-02 2.94019338e-02
3.04146484e-02 8.57555643e-02 -5.30018024e-02 -1.46454141e-01 -1.86414257e-01 -1.71512142e-01
-1.12168089e-01 -2.76616625e-02 -3.73066738e-02 1.09583154e-01 6.61456063e-02 1.64351180e-01
3.63098644e-03 3.36457379e-02 4.80442159e-02 6.07420988e-02 8.88983235e-02 -1.62253436e-02
1.37726575e-01 4.78646234e-02 5.00871502e-02 -1.91807635e-02 -2.81989072e-02 -1.44245535e-01
1.87610120e-01 6.10838272e-02 -1.97650790e-02 -4.31519225e-02 -1.20285057e-01 1.04336590e-01
1.08639635e-01 -5.36339730e-02 -1.76083681e-03 3.10671851e-02 1.52762920e-01 4.29804064e-02
1.54836610e-01 -7.24049732e-02 3.31734456e-02 4.84840609e-02 1.80865172e-02 2.34282929e-02
1.73992336e-01 -8.19791667e-03 -7.41064847e-02 5.39056212e-02 -1.27642468e-01 -8.40742365e-02
-1.89532097e-02 5.57240359e-02 -1.00931134e-02 -4.46495637e-02 6.77657872e-02 1.27522096e-01
-1.95881538e-02 1.33058820e-02 1.73030898e-01 -1.81990802e-01 9.07418504e-02 -1.02964252e-01
-1.04415484e-01 -3.01709399e-02 9.48218163e-03 -4.36728001e-02 -4.85742986e-02 -1.93936631e-01
-9.26372409e-03 3.74491746e-03 -1.68440938e-01 3.82840298e-02 -1.04752339e-01 1.42050743e-01
-1.12578040e-02 -9.14508477e-02 -8.71942937e-02 1.02478541e-01 1.72330409e-01 -3.76334526e-02
-1.60310969e-01 -7.72860870e-02 1.85011048e-02 -5.12226596e-02 5.88356033e-02 -6.66480809e-02
-2.05905493e-02 6.33122772e-03 -8.33540857e-02 -3.78638622e-03 3.28064710e-02 -7.70091787e-02
9.45334416e-03 2.31902394e-02 -9.63135511e-02 9.64382067e-02 -6.45184889e-02 -5.16146980e-02
-7.47542903e-02 1.49884410e-02 3.74975763e-02 6.87949583e-02 -1.30834550e-01 1.23479273e-02
4.69996706e-02 5.52429557e-02 2.58998610e-02 2.40636766e-02 3.63370962e-02 -2.15132106e-02
3.13519426e-02 -5.31713888e-02 -2.67282240e-02 -5.83708771e-02 -8.65796506e-02 4.14979123e-02
-1.25460833e-01 -3.92387062e-02 -6.64021075e-02 -8.66759792e-02 -1.89811233e-02 -1.45418391e-01
1.59388095e-01 -1.92216948e-01 -8.80085602e-02 1.58098817e-01 -1.03096761e-01 -1.11656785e-01
-6.31393120e-02 7.77135715e-02 -6.54310286e-02 -2.72491891e-02 1.15599602e-01 -1.43652871e-01
-1.41642272e-01 1.03927687e-01 2.19704174e-02 -1.17968835e-01 9.72353891e-02 -4.97640148e-02
2.09327415e-03 7.66952559e-02 1.81765333e-01 -1.23552926e-01 5.21932356e-02 -6.44974113e-02
-1.41746685e-01 -2.45611798e-02 -1.57288879e-01 -1.07301831e-01 1.97433289e-02 3.86276543e-02
-3.43730003e-02 -9.22444463e-02 1.18020333e-01 8.35735537e-03 -1.47782102e-01 -6.18536510e-02
4.94737225e-03 -1.22932851e-01 5.65796196e-02 7.85518065e-03 -1.58450194e-02 2.43072100e-02
-6.69865236e-02 -1.16662778e-01 -1.11667886e-01 1.14132561e-01 1.21283241e-01 -4.41487879e-02
1.18433580e-01 1.77532926e-01 -1.68524802e-01 -2.60470994e-02 -1.19901218e-01 2.82019880e-02
-1.90353021e-01 -1.15301177e-01 -4.74363938e-02 -1.75688803e-01 -2.05778703e-02 8.64580274e-02
-8.34532455e-02 -6.67249560e-02 4.27048691e-02 1.37017205e-01 -2.39922423e-02 3.62739116e-02
-8.03760812e-03 1.13463938e-01 4.68469225e-02 -2.55314428e-02 1.21121611e-02 1.11461200e-01
4.01005037e-02 -6.97569102e-02 1.86512375e-03 -1.04526609e-01 7.27773234e-02 -1.53559208e-01
6.70532659e-02 -1.00968055e-01 1.39063653e-02 -7.75166750e-02 -7.95429125e-02 -8.95419996e-03
-1.85996428e-01 -2.11490337e-02 6.72967285e-02 -1.45628797e-02 1.80652961e-01 7.90221617e-02
5.37773222e-02 -5.55756539e-02 -1.04356259e-01 -5.10010049e-02 -1.22286774e-01 -7.35493973e-02
8.46457854e-02 -2.19652243e-02 1.03512473e-01 -1.61648020e-01 -3.72518785e-02 -1.80335358e-01
-9.72485915e-02 -1.24881342e-01 -1.13556154e-01 1.36103436e-01 1.70247048e-01 -2.87669990e-02
1.10213041e-01 2.22714692e-02 -1.54263765e-01 -1.13512576e-01 -1.44592032e-01 4.27314080e-02
-2.18226854e-02 -1.50720114e-02 2.37129512e-03 6.96890801e-02 -3.02442349e-02 -1.45812351e-02
-1.41641824e-02 2.42216117e-03 7.03641027e-02 -5.44325113e-02 5.67481704e-02 4.12857793e-02
9.00932848e-02 -1.25462532e-01 6.35173395e-02 1.00581527e-01 9.02036130e-02 -1.58955291e-01
7.31602535e-02 1.50198191e-02 4.41032797e-02 -2.88329925e-02 3.26016806e-02 7.45649263e-02
9.65475291e-02 8.59483480e-02 -4.07891721e-02 4.99124043e-02 -9.55623463e-02 4.31995615e-02
7.32799247e-02 1.75443977e-01 -3.35619152e-02 -8.90107602e-02 1.38864323e-01 4.36261669e-02
-3.77464034e-02 8.33452046e-02 -1.05530165e-01 -1.18128672e-01 9.41582918e-02 1.13132201e-01
-1.75851416e-02 4.46596555e-02 -6.14483953e-02 9.10038650e-02 8.82539973e-02 -1.32379308e-01
-9.49817374e-02 9.58165899e-02 1.24349883e-02 -5.50599135e-02 1.02301668e-02 8.85476358e-03
4.71870527e-02 -8.29700381e-03 -1.05716148e-02 -1.47968099e-01 -7.97639191e-02 -9.08050686e-03
3.11386827e-02 2.66470648e-02 1.45066887e-01 1.32890239e-01 -2.63252240e-02 -6.16803803e-02
7.30032325e-02 -6.91371458e-03 1.77900478e-01 1.44248068e-01 -1.18057899e-01 6.63916469e-02
1.47731984e-02 5.26033901e-02 -1.91011086e-01 1.84870735e-02 2.06517186e-02 -1.29176125e-01
-9.11624581e-02 9.83580351e-02 7.70770479e-04 1.55397713e-01 9.90771875e-03 -9.37733948e-02
-8.41059610e-02 -1.68340102e-01 1.26490101e-01 1.97955910e-02 -3.40901241e-02 -1.24975527e-02
-1.75486058e-01 1.09577313e-01 -1.22928575e-01 1.40843317e-01 -9.19592157e-02 -2.50480324e-02
-1.71718691e-02 -4.04748283e-02 -1.43142283e-01 -1.18297473e-01 1.26711175e-01 2.35890821e-02
3.09160873e-02 1.14656705e-02 -8.42368156e-02 -8.64171702e-03 7.39628598e-02 2.04271637e-02
-9.33424681e-02 -4.64683212e-03 -3.73961627e-02 1.20767899e-01 -6.06472567e-02 9.66397673e-02
7.52536282e-02 4.92470711e-02 -1.43469304e-01 -6.07292242e-02 -1.64204583e-01 -2.75928602e-02
-1.38891011e-01 -1.28682822e-01 5.19317458e-04 -1.11895264e-03 1.49445519e-01 -9.40264687e-02
-6.06089830e-02 -1.01387039e-01 -1.03518866e-01 -5.03259990e-03 -2.24144962e-02 -5.19756787e-02
-3.47536393e-02 -1.43229276e-01 7.25390241e-02 1.88818723e-01 5.81406504e-02 -2.85803899e-02
1.05314516e-01 -5.60070667e-03 -4.49540727e-02 -6.18154779e-02 5.03735663e-03 -5.64840548e-02
-1.16287231e-01 -1.19613893e-01 7.11200312e-02 -8.72598290e-02 2.46300623e-02 -1.04117110e-01
-6.06658123e-02 -1.07813917e-01 1.10478513e-01 -1.35888219e-01 2.21595317e-02 -3.36421244e-02
9.37547535e-02 1.54055864e-01 1.59083113e-01 4.87282053e-02 -3.03545538e-02 5.77651374e-02
2.08917335e-02 3.24342516e-03 8.47386494e-02 6.32627606e-02 5.43267059e-04 -2.19430625e-02
1.75822675e-02 -1.36810184e-01 -7.64323249e-02 2.39261631e-02 -7.58301839e-02 -1.64850187e-02
-9.26672146e-02 -7.70324990e-02 -1.33473158e-01 1.08367726e-01 -1.17379971e-01 9.68506411e-02
-9.18507855e-03 -1.82823345e-01 3.06358207e-02 7.76622668e-02 -9.12131742e-02 8.50172862e-02
3.15513276e-02 -3.48620526e-02 2.85337977e-02 1.26355335e-01 1.15045253e-02 -6.96177185e-02
-4.71228808e-02 8.89986902e-02 1.98484048e-01 -3.63882235e-03 -1.63919777e-02 -1.35465041e-01
-1.77758913e-02 -5.28389821e-03 3.86709981e-02 -9.88479555e-02 1.77973062e-01 -8.79851580e-02
-1.28973708e-01 -8.80784914e-02 -1.08224407e-01 -6.78420886e-02 -4.50244807e-02 -2.85142045e-02
5.69783784e-02 1.31559983e-01 1.02296501e-01 -9.73079912e-03 -1.14023671e-01 -6.82638884e-02
-1.59321025e-01 9.22578108e-03 1.50851160e-01 -9.13554430e-02 -1.37713835e-01 -2.74297781e-02
1.14515908e-01 1.05987690e-01 8.27415213e-02 -9.57639888e-02 -3.44824046e-02 1.13404542e-01
1.08644091e-01 -9.49483290e-02 -6.56861514e-02 -2.39574537e-02 1.24297030e-01 -9.15251598e-02
-1.60821304e-01 1.80271357e-01 -3.99608724e-02 2.80617131e-03 4.43555601e-02 -1.36273965e-01
1.00776985e-01 -1.00902565e-01 -7.56538361e-02 8.43495801e-02 5.31369857e-02 -2.79450789e-02
-3.63319218e-02 -7.18395517e-04 1.70782611e-01 3.93181480e-02 1.32534936e-01 3.12039182e-02
-1.54651836e-01 -4.74257283e-02 2.11027026e-01 -1.33829460e-01 5.26763238e-02 -8.43758136e-02
-5.26600890e-02 7.05533400e-02 6.84385970e-02 -1.02571055e-01 -1.75540522e-02 -1.28381953e-01
-1.28731847e-01 -1.39256138e-02 -2.60690413e-02 -1.77734960e-02 -3.55784246e-03 1.18486537e-02
-9.47601572e-02 -1.23042293e-01 -8.63956437e-02 3.12545896e-02 3.86146717e-02 5.85382059e-02
2.88060703e-03 -2.41440181e-02 -1.50007252e-02 4.22938168e-02 -1.17729597e-01 4.22147475e-02
-1.12272218e-01 -3.81192602e-02 -6.32454306e-02 1.60873532e-02 -1.36316106e-01 1.43157974e-01
7.30279833e-02 2.43814588e-02 1.50613040e-01 3.70225310e-02 1.95671208e-02 -1.24452710e-01
-5.54118827e-02 1.47520199e-01 2.45547406e-02 -4.65042107e-02 -6.36760285e-03 -1.22728027e-01
-2.20309664e-02 -3.33899856e-02 8.52087289e-02 3.31741013e-02 1.82139710e-01 -1.60476565e-01
-1.45418011e-02 4.89674583e-02 -2.50716209e-02 1.76132843e-01 -2.54852623e-02 1.18152611e-01
-2.46268511e-02 7.15847537e-02 -7.44571537e-02 -2.46069785e-02 6.16864339e-02 6.33592904e-02
-3.63668613e-02 6.18431270e-02 1.01543352e-01 -1.84909254e-01 8.13263804e-02 -1.03526846e-01
3.87494378e-02 -1.19907930e-02 5.91288768e-02 -3.90986241e-02 1.49893433e-01 -6.05435520e-02
1.31845353e-02 -9.57840681e-02 3.87779251e-02 4.40039672e-02 -4.01359275e-02 8.51893276e-02
-4.85492907e-02 1.39613345e-01 4.99521121e-02 -8.96090493e-02 3.36749805e-03 -1.77246761e-02
-1.46527126e-01 -1.27621405e-02 -2.53070518e-02 -1.48272648e-01 -1.57520548e-01 -4.38127853e-02
-4.28273603e-02 -1.12259522e-01 -9.96773392e-02 1.00880206e-01 1.41056806e-01 -9.57390890e-02
-1.32132173e-02 2.91887298e-02 5.95690683e-02 8.17380920e-02 -4.21090191e-03 2.63077542e-02
-1.67194325e-02 -2.73505524e-02 1.10986553e-01 9.71767977e-02 5.86618632e-02 -2.09591746e-01
3.64436060e-02 5.60762100e-02 9.69154537e-02 -5.64223900e-02 -7.07457289e-02 2.89899278e-02
5.38486149e-03 1.69803530e-01 5.09669855e-02 -7.48754293e-02 -1.83090776e-01 -3.91301699e-02
2.08032638e-01 -6.58999532e-02 -1.23916253e-01 6.48144539e-03 -1.15221880e-01 6.02392405e-02
-7.26256892e-02 -2.97116209e-03 9.71142650e-02 9.50867832e-02 -1.10265173e-01 -6.82428777e-02
8.22985824e-03 -6.47759214e-02 -1.48946017e-01 6.46624714e-02 4.34326194e-02 1.85780764e-01
-1.01630144e-01 -1.32430553e-01 6.81290403e-02 2.30177608e-03 -1.55451164e-01 4.20139357e-02
8.78067538e-02 -1.02193408e-01 2.81920079e-02 -2.19263248e-02 -1.20495516e-03 9.52769890e-02
6.74168020e-02 -1.50581419e-01 7.30643868e-02 -1.53709734e-02 -4.82750908e-02 -5.88741824e-02
-4.22512218e-02 -6.34632334e-02 6.98311552e-02 -1.20901398e-01 -1.99146885e-02 -8.56139287e-02
-1.86972171e-01 1.72624946e-01 -6.86528906e-02 1.00444235e-01 8.38340595e-02 -4.42994311e-02
-1.37538433e-01 -1.52906105e-01 2.42300630e-02 1.30384147e-01 -1.22625843e-01 7.06042338e-04
2.42195055e-02 5.56380376e-02 -1.13604262e-01 -1.99616387e-01 1.19728118e-01 6.66662753e-02
-2.85491999e-02 9.46558863e-02 7.36195892e-02 -1.67916194e-01 -1.05979621e-01 4.00415100e-02
3.45833898e-02 -2.30952958e-03 7.14271292e-02 1.67096108e-02 -1.78633016e-02 -6.88984990e-02
7.40181357e-02 1.55386075e-01 -1.00711964e-01 -7.55988061e-02 -8.16949680e-02 2.63271686e-02
1.13345265e-01 -1.68407500e-01 5.78435063e-02 1.68696538e-01 3.26830223e-02 1.50313586e-01
-8.34252611e-02 9.15709957e-02 -9.68581885e-02 1.86196595e-01 -7.61067495e-02 3.11553571e-03
5.63801825e-03 -8.63035098e-02 -3.63755748e-02 1.29795641e-01 -1.63725585e-01 1.06042497e-01
-1.34368390e-01 -1.44238487e-01 6.14297017e-02 1.86584610e-02 -1.70073025e-02 2.46484969e-02
-7.51678571e-02 -6.07090481e-02 -1.03841498e-01 1.51121095e-01 1.23861723e-01 -1.64436564e-01
-1.42502129e-01 4.59911525e-02 -1.34843076e-02 1.59227252e-01 1.81253254e-02 -1.58470020e-01
3.88411768e-02 -1.44324554e-02 -7.79577764e-03 4.92668636e-02 7.32371875e-04 8.50906521e-02
2.28822846e-02 6.78863600e-02 -1.22298606e-01 -3.68284397e-02 5.93883619e-02 -1.18816607e-01
3.17975432e-02 -1.23796456e-01 -4.04771566e-02 -5.47389165e-02 -7.12362230e-02 -1.43476337e-01
5.00020944e-02 9.72711369e-02 -1.07090035e-02 -1.24647450e-02 -1.32019520e-01 -4.88480404e-02
-4.38479073e-02 1.17112681e-01 1.64303839e-01 -1.44262195e-01 8.53618979e-02 1.04161538e-02
1.84557095e-01 5.72857894e-02 1.49374634e-01 6.73188046e-02 -8.89416859e-02 3.18757519e-02
1.41983166e-01 4.72958991e-03 3.94137762e-02 -2.77900603e-02 -1.64446402e-02 5.90281710e-02
8.63274187e-02 -1.73112378e-01 -2.41228212e-02 -2.95732785e-02 -9.66024548e-02 5.95689639e-02
-5.62279001e-02 1.02383956e-01 -6.58324435e-02 1.22530840e-01 -1.09717213e-01 -1.56484887e-01
4.17491831e-02 6.51498437e-02 -5.02128201e-03 5.29833101e-02 1.68745890e-02 -1.56882077e-01
-1.00041367e-01 -1.14796415e-01 -1.04129734e-02 2.35046446e-02 -1.86246857e-02 1.44525334e-01
-5.99341840e-02 4.41470481e-02 -1.19191274e-01 -1.07607558e-01 1.27573963e-03 8.86082426e-02
6.63351193e-02 -8.76136795e-02 1.64541900e-01 4.18486744e-02 4.17069420e-02 3.87975350e-02
-1.01198688e-01 1.28973991e-01 -1.38231009e-01 3.99732329e-02 -1.67713016e-01 1.58307493e-01
-9.92825776e-02 1.62819237e-01 -1.36438776e-02 9.82897431e-02 5.76080270e-02 -1.81530312e-01
4.86972556e-02 7.00208023e-02 -2.47796178e-02 2.30761413e-02 -3.76297510e-03 5.57468422e-02
2.32565794e-02 -5.07952087e-02 1.61865383e-01 -7.69352838e-02 9.52917337e-02 9.43805128e-02
-1.10847987e-01 9.90681648e-02 4.43326235e-02 -1.65020656e-02 -5.71146794e-02 -5.10872900e-02
-5.69473580e-02 6.84328377e-02 1.59811690e-01 -1.31311953e-01 1.86053272e-02 5.62318880e-03
1.36275098e-01 -3.04805767e-02 -1.02876127e-01 -1.48998890e-02 -8.13554749e-02 6.98703229e-02
2.84327846e-02 -4.93229069e-02 1.25409439e-01 3.00534293e-02 -4.62914035e-02 -3.21035013e-02
4.74375673e-02 5.08927852e-02 -1.19799472e-01 3.63041796e-02 1.08685277e-01 8.33923742e-02
-8.05798545e-02 4.32069525e-02 9.12594050e-02 -1.01393580e-01 -2.83467975e-02 -1.29233509e-01
-4.87662926e-02 7.88789894e-03 -9.17863026e-02 9.85581502e-02 -1.07284017e-01 -4.64401059e-02
-1.58360243e-01 1.27512425e-01 1.31609691e-02 1.38717398e-01 2.34353524e-02 4.55362312e-02
-4.42041736e-03 -6.82241991e-02 1.18126601e-01 -4.39338870e-02 6.97240904e-02 -2.14648768e-02
2.94439215e-02 -1.56050280e-01 2.02051416e-01 -6.07961304e-02 -1.17045514e-01 -1.22096509e-01
4.26906385e-02 -8.98313802e-03 -4.73102964e-02 -1.34290636e-01 -3.60016935e-02 7.84389209e-03
1.45345191e-02 2.98811421e-02 5.24264090e-02 5.49087636e-02 1.93376154e-01 -1.59258738e-01
1.07218446e-02 -6.46781623e-02 9.10757557e-02 1.66175261e-01 1.57581121e-01 1.30157217e-01
2.19456777e-02 -5.10353483e-02 -4.37192544e-02 -4.05346304e-02 1.81721151e-02 -1.76741645e-01
-9.07355100e-02 5.76359890e-02 -1.05751611e-01 -1.47430271e-01 -1.62502732e-02 4.82636690e-02
1.23040929e-01 1.64699238e-02 -1.26457706e-01 8.40900838e-02 5.45911938e-02 3.10954265e-02
2.98264269e-02 1.49547115e-01 6.37535471e-03 4.51437719e-02 1.48118719e-01 4.66392674e-02
3.18232514e-02 1.42612725e-01 -1.66512430e-01 1.70044496e-03 6.85657710e-02 -7.71567896e-02
6.43138401e-03 5.75824939e-02 -2.97581125e-02 -1.35069296e-01 -3.41450460e-02 -2.52976734e-02
-7.19080865e-02 6.90366328e-02 2.47728601e-02 7.33491853e-02 -1.79675043e-01 -1.65845782e-01
-1.31830603e-01 -5.37697375e-02 -5.34462705e-02 -1.69097647e-01 1.10166050e-01 1.88958347e-01
1.72820464e-02 -5.18477820e-02 -1.52717263e-01 7.45144114e-02 3.53171024e-03 -7.94664174e-02
1.36283681e-01 4.35482897e-02 -9.60460305e-02 -9.09591317e-02 1.18987292e-01 -3.36428322e-02
1.34252891e-01 2.49843374e-02 1.87914167e-02 -1.17339037e-01 -1.13546513e-02 -7.66066983e-02
-7.05359355e-02 1.26455963e-01 -5.02692908e-02 -8.56922045e-02 -1.95465721e-02 2.30982173e-02
-8.89520049e-02 -1.37522683e-01 -1.30683541e-01 9.48198661e-02 -6.77812323e-02 2.71241590e-02
9.17494670e-02 1.07943483e-01 -5.80380745e-02 -4.43887450e-02 -3.82842235e-02 -1.01350479e-01
6.65360168e-02 -1.24458866e-02 -7.13889897e-02 9.01622325e-03 -4.84866425e-02 3.59035656e-02
-2.40554530e-02 4.41829255e-03 -5.46014160e-02 9.62014869e-02 -9.69306454e-02 4.82585728e-02
-8.32896382e-02 2.25819703e-02 -8.59653130e-02 1.36880698e-02 -2.95452448e-03 1.22737826e-03
1.24204539e-01 5.89090995e-02 3.34061757e-02 -6.47596419e-02 -1.24360733e-02 1.40811995e-01
-7.75882602e-02 8.16898122e-02 -6.75231405e-03 7.57272914e-02 -7.01074442e-03 -3.93180586e-02
-6.93355128e-02 -4.95397449e-02 -4.59970674e-03 -1.12511903e-01 2.18534600e-02 8.06210563e-02
-1.50132459e-02 -4.86750752e-02 9.25384089e-02 2.52550188e-02 3.06849908e-02 -5.93421161e-02
-1.81770340e-01 -2.85968650e-02 2.59866118e-02 -6.59390241e-02 3.82503830e-02 5.13205826e-02
8.67345333e-02 1.28237218e-01 2.80755516e-02 3.69246937e-02 -5.43596037e-02 -2.73729619e-02
6.25400320e-02 1.98175073e-01 5.44991530e-02 2.31885612e-02 5.25564477e-02 5.61806299e-02
1.20002143e-01 6.70339121e-03 1.92945212e-01 -5.15083894e-02 -1.05012864e-01 4.46523093e-02
5.43158539e-02 -1.04525112e-01 6.93960413e-02 -1.20599359e-01 1.21051319e-01 1.17587388e-01
1.75493151e-01 6.79432973e-02 4.73198034e-02 1.25824651e-02 -1.41703710e-01 1.58367082e-02
-1.57262683e-01 1.21337824e-01 4.98546101e-02 3.32303569e-02 1.72175080e-01 -5.37842773e-02
1.14080906e-01 -4.21437621e-02 1.56816199e-01 6.11582957e-02 5.12915961e-02 1.02726541e-01
-1.55009925e-01 1.96952038e-02 1.79310516e-02 -1.46459132e-01 -5.03750294e-02 1.42095806e-02
-1.01965412e-01 -1.08339600e-01 1.28629059e-01 -1.80616621e-02 4.97375429e-02 1.59792572e-01
-2.57949643e-02 -1.40572563e-01 1.75747097e-01 4.50178571e-02 5.30170761e-02 1.37275502e-01
-4.93232198e-02 1.65815696e-01 9.41801891e-02 -7.26339296e-02 -6.98077604e-02 9.03804973e-02
7.78389797e-02 8.39970633e-02 -4.15482707e-02 6.34881333e-02 5.39014079e-02 -9.52540934e-02
4.09073979e-02 1.61817834e-01 -3.66756506e-02 -3.56123038e-02 -1.77138597e-01 5.53406365e-02
7.18333572e-02 6.54905662e-02 1.82286128e-01 -6.66173100e-02 -1.40451193e-01 -3.18202637e-02
1.60266712e-01 -1.38285132e-02 -1.81127582e-02 5.62728085e-02 -1.20554723e-01 -3.40156406e-02
-1.36225134e-01 3.74578051e-02 3.34940888e-02 1.41813949e-01 5.83704077e-02 -2.30820244e-03
-5.07572442e-02 6.53892905e-02 2.70062946e-02 1.09106764e-01 -1.19933300e-01 -1.27638429e-01
-1.11937769e-01 -3.57438922e-02 2.85311304e-02 -7.92343318e-02 8.31719935e-02 -8.59432202e-03
-7.65236989e-02 4.59773242e-02 -3.18344869e-02 7.39224181e-02 -1.47914633e-01 1.55647919e-01
-1.63323078e-02 7.66727375e-03 -3.05432506e-04 -8.30889791e-02 9.39616840e-03 -1.28266290e-01
-2.21474431e-02 -1.62120372e-01 -1.22974247e-01 2.03844622e-01 9.75966081e-03 2.80843861e-02
-2.12593302e-02 8.56015757e-02 -1.16383601e-02 -1.29180908e-01 4.89086360e-02 -1.41386703e-01
-5.45077100e-02 1.11178242e-01 7.00853392e-02 1.00356810e-01 -1.75220773e-01 4.30393172e-03
-1.82669330e-02 1.27735049e-01 -9.07604024e-02 -3.35922986e-02 5.45345284e-02 -1.21592302e-02
1.19764879e-01 1.39507174e-01 -1.92638543e-02 -1.86074108e-01 -3.87003981e-02 -1.20385215e-02
1.69748574e-01 1.50745198e-01 1.01150237e-01 -6.12084530e-02 5.36156483e-02 7.08362833e-02
-1.73703283e-01 -2.47865804e-02 1.49120465e-02 -3.14299390e-02 -7.90275559e-02 8.36007856e-03
-5.67152873e-02 9.22123417e-02 -2.16794014e-02 3.47009301e-02 1.92931201e-02 -9.87310931e-02
1.39323562e-01 6.33404255e-02 -1.50830731e-01 -1.22652531e-01 -6.55766129e-02 6.83819950e-02
-1.18980752e-02 -9.11758244e-02 1.75741777e-01 -9.33072120e-02 1.27755940e-01 -1.70522273e-01
-8.42022076e-02 -1.27772063e-01 5.05274199e-02 -1.23560593e-01 -9.46274493e-03 1.24459982e-01
-1.11244924e-01 1.54497633e-02 -4.32945453e-02 -1.07731996e-03 -1.08987696e-01 -7.31457770e-02
1.40753210e-01 1.19067453e-01 -1.16424628e-01 1.53251248e-03 1.07039966e-01 9.58671868e-02
-1.45068103e-02 -7.75321200e-02 5.06227054e-02 1.76470369e-01 -8.46635401e-02 8.13337490e-02
3.53955626e-02 -1.23840943e-01 9.40233469e-03 4.61003259e-02 1.27872452e-01 -1.00692727e-01
7.71621764e-02 1.08681209e-01 -7.97531903e-02 1.93757396e-02 3.55771296e-02 -1.11134492e-01
-4.18097191e-02 8.39516371e-02 -1.71218425e-01 3.83742116e-02 1.04959995e-01 1.14869736e-01
1.00258701e-01 2.33262908e-02 -2.43187752e-02 1.60144255e-01 -1.17180184e-01 1.32650077e-01
3.63435335e-02 4.65526730e-02 2.25396343e-02 9.94650647e-02 -1.06770275e-02 5.39241806e-02
-3.62528674e-02 6.68214709e-02 -3.55671532e-02 7.52363950e-02 -6.57913312e-02 3.97317298e-03
5.21568358e-02 -7.29912668e-02 -1.02744568e-02 -5.66214435e-02 1.47016391e-01 2.22789552e-02
-1.13100726e-02 -5.87413721e-02 -7.51205832e-02 1.51977196e-01 -4.35330458e-02 -9.98188704e-02
-6.78432956e-02 -1.25368491e-01 4.93224636e-02 -1.20699354e-01 -3.72955538e-02 1.14381723e-01
-1.03929415e-01 8.07493329e-02 9.37180519e-02 2.76402174e-03 1.71498209e-01 3.74931074e-03
6.27525747e-02 5.56930937e-02 -1.15148559e-01 -1.20680228e-01 1.84911266e-01 8.28730762e-02
-9.98781621e-02 3.01656518e-02 -2.22766977e-02 2.24716421e-02 -1.22282147e-01 -1.48900812e-02
-7.94554055e-02 -3.03162932e-02 -6.28294870e-02 1.33495003e-01 1.42774895e-01 1.04924254e-01
7.82176629e-02 -6.56233802e-02 1.57008410e-01 4.21709754e-02 -1.18870609e-01 4.41350043e-02
-1.11547448e-01 1.45787358e-01 1.61639169e-01 -1.78430304e-01 -1.22364961e-01 -1.88042447e-02
-1.35132328e-01 7.69964904e-02 -9.04439911e-02 -1.95192590e-01 -6.79556932e-03 -7.99965188e-02
-4.00405452e-02 -4.83921282e-02 1.03331879e-01 -4.46126275e-02 -5.57590239e-02 4.50172573e-02
-5.03399782e-02 -7.53024640e-03 -6.78449217e-03 8.76090303e-02 5.19807599e-02 1.31654479e-02
1.54324368e-01 2.85356455e-02 3.73546220e-02 -3.10003497e-02 3.81856188e-02 -7.60126859e-03
2.15678214e-04 4.08740044e-02 -8.12498778e-02 6.35773912e-02 4.61723842e-02 8.28234330e-02
6.89477473e-02 -1.54248923e-02 1.42191261e-01 -4.25155573e-02 -2.83200592e-02 -1.46828443e-01
-1.49660200e-01 1.12030022e-01 -5.56674507e-03 6.01470992e-02 8.01960528e-02 7.71291777e-02
3.97936590e-02 -1.52749389e-01 9.92598534e-02 -3.95787284e-02 1.19443990e-01 -6.92046583e-02
6.81069419e-02 -1.01111658e-01 -3.00186295e-02 -1.66196600e-01 1.09478302e-01 -8.18749070e-02
5.71690053e-02 -1.31659299e-01 1.25478610e-01 -1.06598429e-01 -4.78042364e-02 -1.66024193e-02
-6.49028569e-02 7.91534483e-02 -1.87422112e-01 1.58201009e-02 -3.15570682e-02 -1.29544586e-01
-4.60853539e-02 4.35971841e-02 -1.07676312e-01 -3.77207622e-02 7.52232373e-02 -6.49376288e-02
-5.94390705e-02 -1.59361616e-01 4.51257229e-02 5.74857444e-02 1.14180394e-01 -3.23420838e-02
-8.88355002e-02 -5.79651110e-02 7.65451416e-02 9.10852756e-03 -1.12038754e-01 -2.34797746e-02
-5.42692393e-02 5.96720986e-02 -8.64510890e-03 -9.74187329e-02 9.35093239e-02 -9.56194401e-02
-9.88127738e-02 1.65752396e-02 7.94849098e-02 7.24031255e-02 1.93869293e-01 -1.00805759e-01
-1.47032917e-01 1.30643681e-01 1.20162129e-01 -5.35623431e-02 -8.67657065e-02 -2.62592770e-02
1.32767916e-01 1.28252417e-01 -1.84184536e-01 -5.49286790e-02 3.26140597e-02 -7.17023388e-03
1.34450510e-01 1.51620895e-01 4.21301425e-02 -7.49148354e-02 -6.01641163e-02 -1.09942198e-01
-4.50840257e-02 2.78649516e-02 8.52584913e-02 6.02557585e-02 7.29888678e-02 4.40535881e-02
6.92256913e-02 9.29675251e-02 1.84528399e-02 4.13432019e-03 -1.73412301e-02 -5.22057191e-02
-1.98265910e-02 -4.78308499e-02 9.87083167e-02 1.14572316e-01 2.00186968e-02 -7.99150690e-02
1.51967004e-01 -1.48492023e-01 -1.62967686e-02 1.92936420e-01 -4.17702924e-03 -1.01325743e-01
3.45618203e-02 1.70244351e-01 -1.71073943e-01 -4.68028635e-02 -9.58491117e-02 -9.74916667e-02
1.86464503e-01 -9.03450996e-02 -1.04770482e-01 1.77795812e-01 -5.71083874e-02 3.67856734e-02
1.09167315e-01 9.31919739e-02 -1.40744820e-01 7.97699690e-02 -6.52394220e-02 -8.59279782e-02
-1.54240765e-02 -1.62579626e-01 1.55989021e-01 -7.66100660e-02 -1.06984437e-01 -6.26838394e-03
-6.73739538e-02 -1.60486087e-01 3.48608010e-02 4.91019748e-02 1.81088269e-01 1.27495438e-01
4.75321822e-02 -9.15667228e-03 -1.07946388e-01 1.20055042e-01 7.72229284e-02 6.40080050e-02
-2.13814378e-02 3.54929194e-02 -7.28086084e-02 -4.24122773e-02 4.63562645e-02 8.67788792e-02
-1.63645983e-01 -4.88704592e-02 5.67338839e-02 1.98104218e-01 1.15814276e-01 -2.00928450e-02
1.37445793e-01 -1.60531141e-02 -1.81504533e-01 -6.24710023e-02 3.16194594e-02 -1.02104194e-01
-5.44110313e-02 1.02157608e-01 4.45581712e-02 5.61698675e-02 5.10563003e-03 -1.44463003e-01
-3.88860032e-02 5.72889522e-02 5.16876504e-02 3.79427820e-02 6.26592040e-02 5.59106991e-02
-7.95743912e-02 -6.76170662e-02 2.57102940e-02 -3.90632488e-02 6.88169897e-02 -5.73729575e-02
-2.60166321e-02 2.32005445e-03 -1.02286778e-01 5.53687215e-02 2.50600930e-03 -2.37378683e-02
-1.07592806e-01 -6.87474385e-02 7.89348930e-02 1.42263517e-01 -4.24759835e-02 -1.20493457e-01
-7.50602111e-02 7.69812390e-02 5.25115291e-03 -1.82689697e-01 9.40067247e-02 1.04970746e-02
3.23727801e-02 -9.51197445e-02 -6.77363388e-03 8.11302811e-02 -3.97665314e-02 1.43005684e-01
-4.47665006e-02 -9.46344957e-02 -1.41939685e-01 -3.62050836e-03 1.88714694e-02 -2.43651364e-02
-1.11207422e-02 -6.39646873e-02 1.14523135e-01 -1.25503212e-01 -1.02865221e-02 -1.21673644e-01
5.00658387e-03 2.70451605e-02 6.68654367e-02 8.64304677e-02 4.24680412e-02 -4.97130826e-02
-1.25841334e-01 -1.07991986e-01 -1.60351947e-01 -1.17118908e-02 1.19108558e-01 1.29921804e-03
7.59347081e-02 1.35546131e-02 -5.22287600e-02 -1.54684260e-02 9.36552323e-03 3.29089612e-02
-1.98631790e-02 -1.32509425e-01 -1.51550421e-03 3.56756710e-02 -1.57111101e-02 -8.74820575e-02
2.17410829e-02 -6.09097295e-02 3.86561342e-02 1.23302653e-01 -7.41994008e-02 6.40266985e-02
-1.22912437e-01 5.25310151e-02 5.57409786e-03 1.33660305e-02 4.55567986e-02 -2.01161020e-02
3.02630179e-02 1.18598985e-02 -2.36394703e-02 1.36068091e-02 -7.20563158e-02 1.14873730e-01
-6.35499656e-02 -6.11149296e-02 -3.26226614e-02 -1.60972834e-01 2.69259028e-02 -7.77678341e-02
-6.17926642e-02 -3.70229073e-02 -6.84599718e-03 -1.60444118e-02 1.25902861e-01 1.34754762e-01
-2.67939121e-02 1.45576606e-02 1.19907185e-01 -1.73265990e-02 8.62366557e-02 4.25378606e-02
-6.74875304e-02 9.41417888e-02 1.32245645e-01 -2.93657146e-02 -8.26829150e-02 4.42100018e-02
1.82286147e-02 -9.34277177e-02 1.98704034e-01 5.94351888e-02 9.89304855e-02 8.12845305e-03
-5.25164902e-02 6.46556402e-03 -4.31506447e-02 -1.73435137e-01 2.84714736e-02 8.21544528e-02
-7.29288906e-02 1.77138429e-02 -1.06608950e-01 3.30270156e-02 -3.64256203e-02 7.09167421e-02
6.98486902e-03 6.79562008e-03 -7.55793974e-02 -9.09769237e-02 5.24442084e-02 8.45353678e-02
-1.87797751e-03 -1.03655726e-01 6.79081678e-02 5.91828786e-02 -7.09149912e-02 -1.24513954e-02
-8.22269619e-02 1.07720926e-01 2.93075312e-02 -1.74780771e-01 9.99771953e-02 7.68093988e-02
-8.08725483e-04 7.45314658e-02 -9.91041511e-02 1.02396461e-03 -5.50199002e-02 -9.92748514e-02
4.93904091e-02 -6.49675429e-02 7.29419738e-02 1.69858053e-01 -8.88800621e-02 -4.33802754e-02
1.19303651e-01 -9.70246494e-02 -5.53979017e-02 -7.63226449e-02 -2.08202884e-01 1.03476077e-01
-3.95052917e-02 -1.54514313e-01 1.04494773e-01 -1.55438066e-01 -1.02232710e-01 -5.48906066e-02
9.30537656e-02 4.83748354e-02 3.14728804e-02 8.60369280e-02 1.07362054e-01 -1.27246067e-01
5.80928521e-03 3.41150053e-02 1.09251998e-01 1.87146157e-01 5.17115667e-02 -8.79742801e-02
1.09971270e-01 1.33773521e-01 2.51935907e-02 -5.63348122e-02 -3.08316741e-02 2.96764858e-02
-3.25924382e-02 -1.10267572e-01 -1.14901692e-01 -1.07637681e-01 6.44404218e-02 1.40725404e-01
-1.76088721e-01 -1.74974591e-01 -5.96149303e-02 -9.49434564e-02 6.86718598e-02 -1.31656617e-01
-6.30679950e-02 -8.20357278e-02 5.47900908e-02 7.09953904e-02 1.95800051e-01 1.02955354e-02
1.03160804e-02 5.04588783e-02 -6.38789311e-02 -3.58168818e-02 -1.14370696e-01 -5.25257960e-02
3.71976495e-02 1.50346547e-01 1.00162730e-01 1.55740678e-01 6.35641962e-02 8.30461532e-02
3.79370190e-02 -7.60140121e-02 3.63695882e-02 2.28610523e-02 -1.98462650e-01 9.43660587e-02
-7.14999884e-02 7.07884207e-02 -1.55041382e-01 6.72508329e-02 6.92885369e-02 8.37743506e-02
7.25714713e-02 -1.78691342e-01 -5.33575239e-03 2.97204908e-02 -2.93971095e-02 3.56368697e-03
5.70691787e-02 -1.48189992e-01 3.50356959e-02 -7.46606616e-03 -3.84009331e-02 -9.07567888e-02
1.07940003e-01 4.03434522e-02 -3.68782803e-02 -1.99533645e-02 6.98231580e-03 7.81345740e-02
-1.49758339e-01 5.77680990e-02 3.54120019e-03 1.06860392e-01 3.68074887e-02 1.32665839e-02
7.76022077e-02 -1.28029622e-02 1.34423062e-01 1.57958671e-01 1.33666962e-01 7.62249008e-02
-1.34517252e-01 -4.07805704e-02 -6.81913421e-02 6.66951016e-02 -3.21079679e-02 -1.51106685e-01
-8.35326090e-02 -1.64760113e-01 -2.06741262e-02 1.12775704e-02 4.76696454e-02 -1.27603740e-01
7.60317743e-02 7.45678768e-02 -7.93939233e-02 -1.23185068e-02 -4.38886955e-02 7.38386586e-02
9.80753005e-02 -6.31120568e-03 4.85858060e-02 1.75240383e-01 8.50769430e-02 8.91341418e-02
3.59663181e-02 1.07526839e-01 9.27038770e-03 -8.14616829e-02 1.17875591e-01 3.08073964e-02
-1.01941586e-01 2.44809519e-02 -3.07630263e-02 4.60893810e-02 1.80993285e-02 3.00059048e-03
-9.31933075e-02 2.31728517e-02 -4.65679020e-02 -9.42852870e-02 3.90029550e-02 -1.86586618e-01
7.47095868e-02 -7.23686907e-03 -2.39720175e-04 3.90225016e-02 2.92401500e-02 9.40462649e-02
5.12992293e-02 1.46662638e-01 -6.27574921e-02 -8.58003125e-02 -7.64490888e-02 6.37976900e-02
1.00717567e-01 5.53947054e-02 -1.23988213e-02 -1.35152310e-01 9.59906057e-02 -1.79305926e-01
6.56281933e-02 -1.39725236e-02 1.05097398e-01 -1.29228115e-01 1.10288728e-02 4.87396009e-02
3.10445279e-02 -7.58143142e-02 -5.76185659e-02 4.85256910e-02 4.22736965e-02 -6.93106577e-02
1.30387051e-02 1.43903002e-01 4.80903732e-03 6.04105033e-02 9.39103886e-02 9.83782038e-02
-5.60423508e-02 4.61956374e-02 1.57060474e-01 -1.11851707e-01 -1.13415411e-02 9.99726281e-02
-8.73579644e-03 -4.48073708e-02 2.82246284e-02 -1.66358888e-01 -2.46989634e-02 9.63914692e-02
-2.15087142e-02 2.33295094e-02 -6.90813130e-03 7.07432628e-02 -7.55563080e-02 3.10900491e-02
-1.21405914e-01 4.14571837e-02 -1.21541969e-01 5.18185459e-02 -7.04875961e-02 1.79504722e-01
-7.85047486e-02 -7.34748179e-03 -5.51563613e-02 -7.08784387e-02 1.89374775e-01 6.73442334e-02
3.80667970e-02 -1.66093707e-01 1.15841024e-01 -2.97168233e-02 8.40661079e-02 1.79696232e-01
-1.54761955e-01 -7.74331316e-02 -5.25715388e-02 -1.99411541e-01 -8.74382481e-02 4.59767841e-02
-1.73500758e-02 -5.55925518e-02 1.32476479e-01 1.06501572e-01 2.29951274e-02 3.54775302e-02
-1.08085379e-01 -1.25878006e-01 -1.45943224e-01 -7.28104636e-02 6.19304627e-02 6.53714165e-02
1.54580429e-01 9.53089148e-02 -6.06757700e-02 6.74380586e-02 4.83328700e-02 -1.02528557e-01
4.12707664e-02 5.13488092e-02 1.38084218e-01 1.41633645e-01 -9.55288932e-02 6.82094470e-02
7.80796707e-02 -2.92396415e-02 1.72353536e-01 4.58201952e-03 1.88095108e-01 6.58395588e-02
1.33979097e-01 1.14354892e-02 -2.24211272e-02 -1.15716733e-01 2.11192071e-02 1.06887467e-01
-4.23057899e-02 -1.23679293e-02 5.25355823e-02 1.09438682e-02 -1.30299367e-02 -7.72277564e-02
-3.30820456e-02 -1.22805886e-01 -1.87067524e-01 -7.83371925e-02 -1.69419125e-01 1.81499377e-01
-1.55522060e-02 -9.07376558e-02 4.98340353e-02 -2.57770456e-02 1.45270079e-01 1.02069648e-02
-3.02202050e-02 -1.39183626e-01 -1.34801492e-01 -1.54555380e-01 -3.24138161e-03 6.98176697e-02
2.99513545e-02 7.52423927e-02 -8.65411907e-02 -8.42980370e-02 -1.68964285e-02 -7.12962225e-02
1.81761727e-01 2.47623324e-02 3.99072953e-02 6.73426762e-02 4.97427657e-02 5.63884452e-02
5.04523180e-02 -2.14592308e-01 1.65642813e-01 -1.45008788e-01 -1.15266763e-01 1.33286074e-01
-1.39989302e-01 -3.21546160e-02 -9.97974421e-04 -1.24362372e-01 8.43408145e-03 -1.46738678e-01
-9.98666808e-02 1.08713426e-01 -1.34377286e-01 1.03955485e-01 3.78571800e-03 -1.65057316e-01
7.07448088e-03 -1.07476518e-01 1.34440646e-01 8.65582302e-02 -5.16699441e-02 9.24531892e-02
-1.35752499e-01 -5.35449684e-02 -8.24480057e-02 -4.43035923e-02 1.21398852e-03 -6.93661496e-02
-1.71947069e-02 1.75982669e-01 1.70462266e-01 -1.57913908e-01 1.22612596e-01 -4.52616550e-02
5.38055003e-02 -7.35485032e-02 -9.93845984e-02 -5.03061712e-02 1.00881401e-02 1.51910350e-01
-2.01126546e-04 3.66170444e-02 -8.34828243e-02 -3.06242686e-02 6.57353327e-02 -1.06251754e-01
6.40247241e-02 -5.01695136e-03 -1.36944592e-01 1.22330867e-01 3.21607217e-02 -1.09102717e-02
6.10592775e-02 3.25458758e-02 1.00042753e-01 -2.39632227e-05 -6.38111532e-02 1.67859569e-02
1.00305833e-01 -8.67819712e-02 -4.23429050e-02 4.01157215e-02 5.59088103e-02 -1.68326423e-01
2.21832879e-02 1.03967853e-01 -2.23452039e-03 -7.73276994e-03 -5.46688959e-02 7.30269253e-02
-3.16291265e-02 -3.16943862e-02 -1.50944471e-01 -1.13224193e-01 -1.25485912e-01 -1.30879924e-01
-4.56128046e-02 1.06915221e-01 1.00888029e-01 -2.11207028e-02 -1.39359519e-01 -1.87943891e-01
-7.57834315e-02 -1.58628111e-03 8.97734761e-02 -2.66527478e-02 -1.30847007e-01 -1.26694962e-01
5.04529253e-02 4.66358885e-02 -9.47961397e-03 -2.67931484e-02 1.52232051e-01 -1.63291898e-02
5.14113493e-02 3.61358784e-02 -1.13416426e-01 7.57416636e-02 1.97059326e-02 1.28010467e-01
2.59267073e-03 -3.44857089e-02 -1.16166964e-01 -6.26812726e-02 -2.70022545e-02 1.16350703e-01
-1.20544203e-01 4.95114066e-02 1.09374277e-01 2.03008130e-02 4.86939624e-02 1.19930640e-01
-4.79941117e-03 1.82750061e-01 3.95196676e-02 5.73871806e-02 -3.69310495e-03 2.60906406e-02
-1.12335056e-01 -2.11889725e-02 -7.51264244e-02 -3.93060371e-02 -1.29193775e-02 -1.32752568e-01
-4.81347591e-02 -1.22342274e-01 -2.88688317e-02 3.69259566e-02 3.57647357e-03 4.68594208e-02
6.36441708e-02 -1.23263588e-02 1.16276890e-01 -5.43509088e-02 -4.21439894e-02 -9.28171575e-02
-1.06201813e-01 -1.22852027e-02 3.85576375e-02 -6.67002099e-03 -1.19108766e-01 -8.62582549e-02
1.33070480e-02 9.03860927e-02 -1.28942002e-02 5.17425574e-02 -6.01914153e-02 7.44888978e-03
-1.00340515e-01 -7.71338046e-02 -1.29655004e-01 -5.12463935e-02 8.01038221e-02 8.50095898e-02
1.20739847e-01 1.01163782e-01 -8.96726474e-02 -9.13573429e-02 4.61302809e-02 1.24901846e-01
-3.87801379e-02 9.88641903e-02 8.40910748e-02 1.13761894e-01 9.69992355e-02 7.42463619e-02
8.33201557e-02 -1.11206770e-01 -3.83497885e-04 5.03037386e-02 4.55123335e-02 7.66680986e-02
1.17846976e-04 1.90774158e-01 7.51130935e-03 1.86786518e-01 5.74114509e-02 -5.35106622e-02
1.52949756e-02 3.34007554e-02 -5.39900437e-02 1.33207247e-01 -9.18612033e-02 5.69793135e-02
1.77334085e-01 -2.36804876e-02 -2.04543509e-02 7.59364218e-02 -1.24177694e-01 -7.31359515e-03
-8.21285769e-02 1.47947758e-01 2.18552817e-02 -3.13145258e-02 1.09061979e-01 -1.36921585e-01
-4.64168377e-02 -3.25927436e-02 -1.22671481e-02 6.67503923e-02 2.03019127e-01 -1.18557572e-01
-7.64954090e-02 8.48879218e-02 -3.76774259e-02 5.11579327e-02 -1.32413045e-01 4.33521718e-02
3.78890196e-03 1.52515128e-01 -2.59922575e-02 3.95745821e-02 2.53173728e-02 -7.37386495e-02
5.62618412e-02 1.32370502e-01 6.91973045e-02 9.33462009e-02 -1.74046248e-01 -7.53292516e-02
1.10885389e-01 -1.12867303e-01 -4.46527172e-03 2.82666869e-02 1.35675848e-01 1.45650372e-01
-3.45635898e-02 7.40505606e-02 -1.74838737e-01 -1.12724811e-01 3.63470912e-02 -1.25667125e-01
4.09519188e-02 -5.71554601e-02 -2.70860735e-02 5.67251407e-02 -1.70003027e-01 -2.28249431e-02
-7.39367353e-03 7.77642727e-02 -1.52012827e-02 -4.68564369e-02 -1.83445752e-01 2.01658737e-02
1.13252424e-01 -1.29499540e-01 -7.54634663e-02 1.25120198e-02 1.98144745e-02 -9.35129225e-02
9.11901966e-02 3.00794691e-02 -4.90378886e-02 7.66210025e-03 -8.80124196e-02 5.73815021e-04
-2.25385446e-02 9.21478216e-03 -7.82465562e-02 1.39695555e-01 5.13866171e-02 -4.39221226e-02
1.01326920e-01 -3.81520800e-02 -1.48294624e-02 4.62899990e-02 2.48934161e-02 -8.85188431e-02
1.41375408e-01 4.93929125e-02 1.14650019e-01 9.51931253e-02 -8.82625729e-02 -7.00158030e-02
1.99824944e-02 -1.96974771e-03 -1.83792040e-01 2.69439928e-02 -1.04048261e-02 4.66907844e-02
1.65344059e-01 -1.43103814e-02 3.23360823e-02 -8.57167095e-02 8.62113573e-03 -3.65394051e-03
-1.58048552e-02 1.42923713e-01 1.47619382e-01 5.81498146e-02 1.03761926e-01 1.42300621e-01
-9.57345963e-03 -2.21762676e-02 1.25594229e-01 2.68455110e-02 8.70660245e-02 -1.42836273e-01
3.73273715e-02 -3.35501358e-02 -8.49065483e-02 6.97295442e-02 -4.02616058e-03 9.23330039e-02
-1.73358053e-01 8.33167508e-02 -1.69404507e-01 -1.19081028e-01 7.75837898e-02 9.84612759e-03
-6.00283220e-02 -9.79779512e-02 1.38482139e-01 -1.55976205e-03 -3.74690183e-02 -3.02606616e-02
1.64899290e-01 1.40995532e-01 -8.54904391e-03 -6.97713569e-02 1.09277286e-01 -1.88606530e-02
9.74989682e-02 -1.03107870e-01 -1.57281920e-01 -4.29005176e-02 9.05456468e-02 -6.51062354e-02
-1.23265639e-01 3.96128111e-02 6.89049214e-02 1.62024677e-01 1.32008672e-01 -5.94680980e-02
1.12023085e-01 -5.10787405e-03 1.46263465e-01 1.56293243e-01 -1.71277002e-01 -3.42172645e-02
6.15574084e-02 1.48575321e-01 1.26504645e-01 -1.70357637e-02 1.16297171e-01 6.20319396e-02
-1.82987209e-02 4.52056527e-02 -8.57272521e-02 -8.33431929e-02 -4.13176864e-02 2.04006098e-02
6.85995892e-02 -5.86717129e-02 8.54637027e-02 9.51789394e-02 -1.70352943e-02 -1.26404660e-02
-3.41620632e-02 1.30694285e-01 1.89904913e-01 -3.14963646e-02 2.04903670e-02 3.15498225e-02
1.55349091e-01 -6.41412064e-02 -2.16846038e-02 -2.88624386e-03 3.21545787e-02 -1.15532987e-01
1.71904206e-01 3.26628163e-02 7.43171647e-02 -6.74797036e-03 -3.73356082e-02 -3.41415294e-02
-1.90231517e-01 -4.52314541e-02 1.41285166e-01 -2.25353520e-02 6.62269443e-02 2.91949250e-02
-7.61952922e-02 -1.34856686e-01 -9.70534459e-02 -1.51406944e-01 1.93737626e-01 1.88364252e-01
1.17458105e-01 -2.63291673e-04 5.59994318e-02 9.58563760e-02 -1.32867813e-01 1.13752941e-02
-1.29698709e-01 -6.72820657e-02 -1.14341997e-01 -4.12937440e-02 1.05454698e-01 -3.07412760e-04
-1.77774891e-01 -1.23466037e-01 5.49991010e-03 1.26970828e-01 -4.30946006e-04 -1.28817827e-01
2.54387520e-02 -1.82086438e-01 -8.98151696e-02 -8.19403678e-02 5.46367802e-02 4.25328314e-02
-7.08292285e-03 2.09029149e-02 2.24622320e-02 1.56774104e-01 2.27093510e-02 1.79791480e-01
8.55250210e-02 1.18289571e-02 1.04550600e-01 -1.27293870e-01 1.21387675e-01 -4.29223888e-02
8.59091952e-02 3.32917622e-03 7.22626075e-02 -8.23722929e-02 7.01449811e-02 -4.88238074e-02
3.58090214e-02 1.86068397e-02 -3.39752473e-02 8.86730179e-02 7.95905069e-02 -8.79994631e-02
1.19832963e-01 1.48089543e-01 -1.18864447e-01 3.17130163e-02 -3.76154073e-02 -1.27859920e-01
-1.33916393e-01 -7.58385956e-02 -7.66936392e-02 -1.15305752e-01 -1.19006947e-01 -6.13137633e-02
9.79771763e-02 -3.12372111e-02 1.63938161e-02 -7.46381190e-03 1.19719736e-01 -2.41423701e-03
1.14655115e-01 1.10820815e-01 -4.71212193e-02 5.49206231e-03 -2.50443313e-02 -1.02523983e-01
-3.32361050e-02 -6.94945604e-02 8.38802680e-02 7.86515251e-02 -1.31938085e-01 1.27388299e-01
-1.14943786e-02 -6.54915944e-02 -1.43981591e-01 -4.24321778e-02 -1.18615977e-01 -4.86163422e-02
-1.24366477e-01 3.80649790e-02 6.36188909e-02 1.10466458e-01 -1.02598280e-01 -6.70500249e-02
-8.80435982e-04 -6.47187904e-02 -5.07334135e-02 3.55667318e-03 2.04594415e-02 -1.10088885e-02
-6.47974312e-02 3.39624584e-02 3.92335616e-02 4.04548133e-03 -1.59160793e-01 2.41708066e-02
5.91829196e-02 3.19043994e-02 1.36297822e-01 -3.72605920e-02 1.74722373e-01 -5.61330877e-02
-1.91887245e-01 -3.63446325e-02 -1.28699377e-01 2.77236421e-02 1.28655314e-01 -5.31069711e-02
1.13617238e-02 -6.21447936e-02 8.41272622e-02 -3.35946381e-02 -1.10649101e-01 -7.07154125e-02
1.63486093e-01 -1.04260549e-01 -4.39438820e-02 7.23216077e-03 -1.32239193e-01 1.47845462e-01
1.61868051e-01 -6.12908192e-02 -3.08979047e-03 -7.74451718e-03 7.18136355e-02 -1.37537524e-01
6.85322005e-03 5.14496528e-02 -3.65326228e-03 -2.51018559e-03 4.52197809e-03 -1.47904113e-01
1.44649506e-01 -1.04432024e-01 5.48014753e-02 4.32730420e-03 8.33120570e-02 2.33245045e-02
-1.28388897e-01 5.52616529e-02 -1.34016499e-01 -5.01745231e-02 -5.32260425e-02 -1.39810853e-02
-9.53722298e-02 2.96394955e-02 -3.28452922e-02 -1.45975977e-01 8.71317461e-02 7.39861354e-02
-1.42434955e-01 6.03351668e-02 7.50122741e-02 -4.20280136e-02 -4.09437492e-02 -4.19119559e-02
1.65976342e-02 1.34969931e-02 -1.20274536e-01 9.62438956e-02 2.07457375e-02 -6.08772710e-02
-1.21829912e-01 6.49253204e-02 -8.47141817e-02 -1.08176455e-01 -8.01966339e-02 1.32126704e-01
1.24135539e-01 1.29842311e-01 -3.64364609e-02 -6.78521618e-02 -2.72101648e-02 9.21757985e-03
3.65727469e-02 -1.42447919e-01 -3.86120453e-02 -1.30808679e-02 -1.19518660e-01 1.42071977e-01
-9.01032146e-03 4.98736314e-02 2.84507480e-02 -3.16989683e-02 -1.68804139e-01 -4.28170711e-02
2.23887665e-03 -3.37856710e-02 7.82577768e-02 4.59534936e-02 -3.10809724e-02 -4.32643257e-02
2.56208070e-02 3.91593110e-03 -5.29196635e-02 3.72376926e-02 -1.46832898e-01 -1.49064317e-01
-1.74849838e-01 5.94951166e-03 -5.74996769e-02 -1.17204107e-01 -3.52630876e-02 -4.08954509e-02
-1.19672678e-01 -8.54107514e-02 -4.85465266e-02 -4.10008691e-02 -3.47291902e-02 1.48114920e-01
1.37006223e-01 -6.48104865e-03 -1.70112718e-02 2.07725819e-03 -5.96475266e-02 -4.31135558e-02
-1.30417094e-01 3.13419360e-03 1.40158579e-01 3.61140557e-02 -1.24274649e-01 -7.35563412e-02
3.62177454e-02 5.59644066e-02 4.82101133e-03 -2.65106540e-02 3.47626805e-02 1.13345124e-01
-2.57109553e-02 -1.58192649e-01 3.93069442e-03 -1.25043511e-01 -8.38570222e-02 3.72358076e-02
1.61816061e-01 -8.17916915e-02 -1.36211917e-01 4.62149829e-02 -3.49484049e-02 -3.00802360e-03
-9.78802294e-02 -1.20088525e-01 -4.20538150e-02 3.79934423e-02 -2.99557187e-02 -6.03776202e-02
-1.19440809e-01 -9.99815091e-02 1.16786689e-01 1.23687968e-01 4.09114175e-02 -1.93212494e-01
9.44472626e-02 -9.40969139e-02 -8.55687112e-02 -4.95641120e-02 -6.28791228e-02 -3.07086632e-02
-2.94984374e-02 1.50322631e-01 6.48830226e-03 -2.34854203e-02 1.65957227e-01 5.42996749e-02
1.40533268e-01 1.15826555e-01 -4.75111417e-02 1.06099322e-02 8.44703317e-02 -1.02531508e-01
2.66887825e-02 1.07531823e-01 -3.67556177e-02 5.83444834e-02 1.03764459e-01 1.10309295e-01
1.24780098e-02 -1.45983296e-02 1.44833356e-01 -1.52298376e-01 5.05327061e-02 -4.31527086e-02
4.11550067e-02 1.25176355e-01 1.56799871e-02 -1.20701008e-01 -1.37769118e-01 -9.71753523e-02
1.58272713e-01 -4.26198952e-02 9.80315059e-02 8.52974802e-02 -7.61468783e-02 3.27221826e-02
-1.17156677e-01 8.75703096e-02 2.19179429e-02 -2.76199989e-02 -9.55489203e-02 1.27067715e-01
-1.69471368e-01 -1.68725178e-02 1.66870207e-01 1.90522540e-02 2.73070354e-02 -1.17528692e-01
8.88573751e-02 8.31607208e-02 -1.14185631e-01 3.15491371e-02 4.33770604e-02 -2.71283276e-02
1.57898292e-01 1.07660787e-02 -4.54594493e-02 -3.55904326e-02 -9.02821124e-03 -4.14539352e-02
-2.54504522e-03 -1.44641876e-01 1.75369345e-03 -1.83890745e-01 3.22439820e-02 5.24664558e-02
3.09502729e-03 1.52811497e-01 -4.02808264e-02 2.14603931e-01 -6.85287267e-02 3.19439173e-02
3.08756810e-02 -1.37887448e-01 1.10160470e-01 -2.40778737e-02 -3.99845392e-02 4.41898666e-02
-4.67402786e-02 -3.11012659e-02 -7.44628608e-02 -1.82053283e-01 -6.20372668e-02 5.10175712e-02
1.23676788e-02 1.50088131e-01 -9.59526864e-04 -2.54836027e-02 -3.41656478e-03 1.22626856e-01
-1.26775298e-02 -6.88120276e-02 7.60055194e-03 -8.34428612e-03 -9.35641751e-02 -1.67516530e-01
6.53894916e-02 2.39526946e-02 -7.57807493e-02 -9.81556922e-02 7.46302307e-02 -3.34631689e-02
8.11756700e-02 9.61816981e-02 -9.21982974e-02 4.43189181e-02 -1.53328612e-01 2.75317375e-02
-1.65019006e-01 -4.89872359e-02 1.39889732e-01 1.65505543e-01 -1.70528576e-01 5.83385415e-02
1.35530634e-02 2.58114394e-02 5.29956780e-02 -1.29926950e-01 2.42388304e-02 -1.28873616e-01
-5.48378378e-02 -1.87558472e-01 1.50525272e-01 8.92715454e-02 1.68205038e-01 -1.18203059e-01
9.88932606e-03 -8.58931988e-02 1.69540390e-01 6.47521317e-02 -1.54111609e-01 1.20181702e-01
-5.68177626e-02 -1.34476155e-01 1.39886037e-01 -6.52113929e-02 -7.20264167e-02 5.66192642e-02
-3.26897465e-02 1.08167730e-01 -6.46146154e-03 6.45608231e-02 -1.65031224e-01 8.91166478e-02
-2.31913496e-02 5.23678660e-02 1.57513201e-01 -2.56728046e-02 -1.26625746e-02 1.48785096e-02
1.10047370e-01 1.16509356e-01 1.45062450e-02 1.28895089e-01 2.39739027e-02 1.24299750e-02
6.70765117e-02 2.88332272e-02 -6.48497716e-02 -7.72031397e-02 1.42797455e-01 1.00306191e-01
-6.52069226e-02 -1.07813902e-01 8.55748579e-02 1.57739837e-02 -9.55304950e-02 4.44936864e-02
1.14485048e-01 -5.22886999e-02 -5.30632325e-02 -2.33263522e-02 8.88032001e-03 -1.18415132e-02
-8.07805136e-02 1.45047709e-01 -3.72783318e-02 -4.91321720e-02 -1.31415844e-01 -2.16860697e-02
5.54280076e-03 -1.47215456e-01 -2.26923512e-04 -3.41631053e-03 -8.51642191e-02 -1.47542641e-01
-1.13988429e-01 -6.52885735e-02 -1.78373545e-01 1.29964888e-01 1.56974159e-02 -2.30348390e-02
1.01564758e-01 1.36901364e-02 -8.27033445e-02 -9.63086784e-02 1.34176150e-01 7.22028762e-02
-9.68101025e-02 -1.65598258e-01 8.05706754e-02 1.81351677e-01 8.38696659e-02 -8.69369730e-02
-1.03024505e-02 1.89803645e-01 -2.79774945e-02 1.73777878e-01 -1.54575005e-01 -1.29824236e-01
-9.78537872e-02 -6.11873977e-02 -3.63545194e-02 1.52925536e-01 -7.29653090e-02 -4.87012267e-02
-3.65748033e-02 -3.83114330e-02 -7.10887611e-02 1.61488384e-01 -1.19149148e-01 -7.39013404e-02
5.50521016e-02 -3.44891055e-03 7.90933594e-02 1.55939907e-01 1.00833466e-02 -1.26036584e-01
-9.87040475e-02 1.42691344e-01 -9.29189026e-02 -7.60761797e-02 -4.79869097e-02 -1.96352333e-01
5.35138510e-02 8.92033800e-02 1.93045549e-02 3.91080603e-02 -5.31266481e-02 -6.73350543e-02
-7.02433661e-02 -3.15455347e-02 -2.92466544e-02 2.91626789e-02 -5.38212387e-03 -3.25520113e-02
7.99719989e-02 -1.62960719e-02 -7.79008046e-02 -1.34873260e-02 -1.15981232e-02 -3.79341394e-02
-5.95255084e-02 -1.66912116e-02 1.34576783e-01 -6.67560473e-03 1.52249962e-01 1.09041467e-01
-8.81751850e-02 4.72094901e-02 4.15406264e-02 3.16217653e-02 1.03076875e-01 -6.98916167e-02
-9.39880162e-02 -1.10659651e-01 1.52096137e-01 1.96753994e-01 2.49480875e-03 -1.36991799e-01
-1.17700882e-01 1.69487968e-01 4.28905562e-02 6.43516704e-02 -3.21968794e-02 1.34492263e-01
8.64305347e-02 5.05851097e-02 -2.21464857e-02 1.89368669e-02 -3.62620242e-02 -1.42623454e-01
-4.55289930e-02 -6.38301820e-02 1.83798522e-01 6.42076582e-02 4.58764657e-02 -9.52479765e-02
2.10529882e-02 3.09931580e-02 4.72785421e-02 -6.66998401e-02 1.23417318e-01 -7.68059641e-02
6.59899861e-02 -4.93488498e-02 1.21513978e-01 2.52503268e-02 2.25683339e-02 -1.33293971e-01
1.97384074e-01 3.22748758e-02 -6.05803728e-02 -1.94109052e-01 1.17252201e-01 -7.30339577e-03
1.31139308e-01 3.90702225e-02 1.58318356e-02 -3.96373756e-02 4.97058257e-02 -1.71115361e-02
8.59073102e-02 8.56783539e-02 2.83672120e-02 2.43635532e-02 -8.52376446e-02 -1.17211631e-02
-8.68525580e-02 -6.22624420e-02 1.26940340e-01 4.61224243e-02 -1.36685058e-01 -4.39541340e-02
2.99362540e-02 -5.30939810e-02 -1.40729740e-01 -8.22909772e-02 -2.84385253e-02 -2.24520713e-02
7.12474287e-02 -5.89851383e-03 -1.17375396e-01 -2.80322395e-02 3.92038288e-04 6.13500513e-02
-1.36308312e-01 -4.68754284e-02 8.47400427e-02 4.96057905e-02 -8.46519992e-02 7.81109631e-02
-1.52641651e-03 -4.45516780e-02 1.21806197e-01 -4.43130806e-02 7.97526836e-02 -1.45436496e-01
8.26069489e-02 6.99994564e-02 -2.63402499e-02 -5.09294048e-02 -2.18566298e-03 -1.10342316e-01
-5.43128029e-02 7.83220977e-02 8.02920237e-02 -9.71619114e-02 -6.24893680e-02 6.79902956e-02
-6.70748353e-02 7.32675195e-02 -6.33262917e-02 4.41847108e-02 9.24360901e-02 -3.94364446e-02
1.94919333e-01 1.28664792e-01 -1.22932859e-01 -2.75443941e-02 -9.08416212e-02 -5.36465719e-02
2.76706228e-03 -6.77627549e-02 -1.74101163e-02 7.97497332e-02 1.12917706e-01 -1.05345175e-01
7.91512430e-02 1.51527733e-01 -1.70836188e-02 -2.49555763e-02 4.90511991e-02 1.55253075e-02
-8.24388936e-02 1.42577514e-01 1.41449109e-01 -1.27428740e-01 -3.76889445e-02 3.76048498e-02
2.83970758e-02 -4.49239872e-02 -1.22534707e-01 7.07660019e-02 1.43763766e-01 -4.90816683e-02
-1.47635579e-01 -1.12752341e-01 -2.16164082e-01 5.28602786e-02 -1.41973794e-01 -6.36800099e-03
6.17242828e-02 1.04941860e-01 1.30392075e-01 -4.68759239e-02 -6.81297705e-02 1.84960306e-01
3.93128134e-02 -1.63545907e-01 -2.38451250e-02 -4.27227914e-02 1.40471687e-03 2.77915597e-02
1.43686667e-01 1.11768097e-01 -9.05237272e-02 -1.60001948e-01 1.39139518e-01 1.94442943e-02
8.38483050e-02 -1.01947181e-01 -8.92928988e-02 -3.74263823e-02 1.33313090e-01 -3.42196971e-02
5.96502908e-02 9.31003094e-02 -1.14172004e-01 1.25347031e-02 3.45847346e-02 4.24819514e-02
1.81226254e-01 2.32516415e-02 -6.41153678e-02 -4.02572192e-02 9.73095596e-02 -1.14624612e-01
-2.36941651e-02 1.04331754e-01 9.45220366e-02 5.31793747e-04 -1.45682937e-03 -2.19321661e-02
8.76085609e-02 3.62139717e-02 -7.67280534e-02 4.49314192e-02 -6.74553737e-02 1.21302783e-01
-1.03122145e-02 -2.63325609e-02 1.63519636e-01 -1.15844615e-01 -4.12687510e-02 -1.78086251e-01
-3.31964493e-02 4.76575717e-02 2.66254656e-02 -1.10785298e-01 1.21138636e-02 5.53936772e-02
1.85980380e-01 -1.93128347e-01 -6.77010790e-03 -1.32789999e-01 -4.15763073e-02 1.06095418e-01
1.17653236e-01 1.93045497e-01 -1.24613397e-01 -4.39695083e-02 8.57058167e-03 5.08144312e-02
9.57778618e-02 1.56595603e-01 3.11176553e-02 -3.57951969e-02 6.77376017e-02 -3.34878005e-02
5.00009246e-02 -6.43820390e-02 -1.44013027e-02 -9.27068368e-02 7.34001249e-02 2.64087524e-02
-5.90508766e-02 -1.06454136e-04 1.96177070e-03 5.34270480e-02 -4.28640544e-02 -5.84558435e-02
1.83055580e-01 3.14383693e-02 1.00101233e-01 1.58232942e-01 -1.36918142e-01 -5.66919483e-02
1.39354080e-01 1.06145747e-01 7.17020780e-02 -3.67000028e-02 -1.78972110e-01 -1.66896284e-01
1.32559791e-01 -1.84978709e-01 4.93127704e-02 1.60424650e-01 -8.47470462e-02 9.12141427e-02
2.13195533e-02 -3.97938909e-03 -8.35130811e-02 -1.71373904e-01 3.35689262e-02 -1.26744375e-01
1.76924691e-01 -2.78611407e-02 5.39201684e-02 -3.20143849e-02 -3.31434980e-02 1.23562850e-01
-7.03246891e-02 3.02518462e-03 2.58913748e-02 6.50561452e-02 -9.76001844e-02 2.06745584e-02
-1.04778640e-01 6.01475015e-02 8.52071773e-03 7.41504952e-02 1.82635546e-01 -7.29186609e-02
-8.05422943e-03 -1.24627501e-01 1.46138728e-01 1.25035867e-02 8.97497535e-02 5.30237220e-02
3.69327292e-02 -9.30258911e-03 -7.04114810e-02 6.32254630e-02 8.62815455e-02 1.90791185e-03
6.44325763e-02 -3.02217323e-02 8.23793709e-02 -1.34876832e-01 -8.07998776e-02 1.35951430e-01
-7.40880966e-02 1.22420758e-01 1.39764287e-02 8.03481266e-02 1.85742043e-02 1.46594783e-02
-2.42754985e-02 -7.08548501e-02 5.26628010e-02 1.13016114e-01 4.28186357e-02 3.90758552e-02
-5.57880774e-02 -7.20201582e-02 -1.06666103e-01 -3.28336097e-02 4.36410829e-02 -6.60465611e-03
3.00505962e-02 4.30315062e-02 2.60761809e-02 1.20862693e-01 -7.35404342e-02 1.61188487e-02
-3.63258203e-03 -2.19737083e-01 9.27708484e-03 -1.25269881e-02 -1.36788758e-02 3.60597074e-02
-1.19308449e-01 1.35656947e-03 -2.12803818e-02 -1.71854183e-01 3.22947316e-02 -5.50283380e-02
3.92125919e-02 7.30775520e-02 1.34204417e-01 -1.36322835e-02 -2.24016476e-02 -3.42580490e-02
-1.01294536e-02 2.53357142e-02 5.13884332e-03 -6.00660741e-02 6.53274134e-02 -5.14305942e-02
-1.03745483e-01 -2.61884816e-02 -2.84981597e-02 -7.14598745e-02 6.59443513e-02 9.22130123e-02
1.42653883e-01 -1.63213968e-01 -1.23649135e-01 1.06663490e-02 1.49326235e-01 9.57652368e-03
-3.15640904e-02 5.98019063e-02 -2.38235015e-03 -1.64491326e-01 1.81166735e-02 3.28599997e-02
-6.26164898e-02 6.95118457e-02 1.31005853e-01 2.81435903e-02 6.17813282e-02 6.03709146e-02
-2.26654075e-02 -3.40369269e-02 -1.27320856e-01 -7.03907460e-02 1.87030621e-02 2.87665296e-02
-2.02013180e-02 1.66844666e-01 5.18508814e-02 8.89886618e-02 -1.40734032e-01 1.70270875e-02
6.16766773e-02 1.07805394e-01 -1.16768092e-01 1.17477365e-01 -2.99899727e-02 -1.97145209e-01
1.14955097e-01 -1.36986971e-01 -2.94210184e-02 1.46372512e-01 -5.54901697e-02 -5.98091446e-02
2.55961530e-02 5.58255091e-02 3.49769741e-02 1.01662159e-01 -1.17638342e-01 1.22445330e-01
6.52043968e-02 2.94288564e-02 -7.89023787e-02 1.40461908e-03 8.69416669e-02 9.50244665e-02
7.63516873e-02 -7.06260279e-02 -1.35307893e-01 5.72856292e-02 1.31794035e-01 -8.02438185e-02
1.27361804e-01 1.42420962e-01 -9.17979106e-02 -5.59373759e-02 -1.84629172e-01 -9.83181149e-02
7.36509413e-02 -2.75578792e-03 -3.84035520e-02 -5.53705767e-02 -7.56338313e-02 -1.07692130e-01
-7.39903450e-02 -1.03647113e-01 5.77268600e-02 1.56388246e-02 2.06680875e-02 -1.69297859e-01
7.35140493e-05 6.72175288e-02 1.43810958e-01 7.57809728e-02 -6.13196567e-02 6.97107017e-02
-5.83968535e-02 -2.39945743e-02 -1.89066865e-02 -4.76578139e-02 2.27853283e-03 1.60671368e-01
7.56533816e-02 2.48647295e-02 -1.28800748e-02 7.78074041e-02 -1.95522949e-01 9.08011496e-02
9.06615332e-02 -1.60774756e-02 1.02390364e-01 1.27409073e-03 5.32132238e-02 -1.42799020e-01
2.21173209e-03 -3.92931737e-02 3.30823883e-02 5.11374883e-02 3.21311280e-02 1.16126621e-02
-6.23780228e-02 7.59947598e-02 1.37403086e-01 4.38098162e-02 -1.47917628e-01 -4.11630534e-02
-1.17414251e-01 -5.13124168e-02 -1.02458112e-01 -9.86615792e-02 1.62328959e-01 -6.06492199e-02
7.79713541e-02 -1.28182188e-01 7.58246379e-03 -1.38224989e-01 9.39622372e-02 -1.16142489e-01
-4.19325046e-02 4.37270179e-02 1.10698543e-01 -7.51426145e-02 2.42311116e-02 1.23555347e-01
6.27831966e-02 -1.06728718e-01 -6.38709217e-02 -7.23037347e-02 -1.12594388e-01 7.86693394e-03
-3.62243690e-02 -1.65899447e-03 -1.69298828e-01 -5.43841394e-03 -3.22953127e-02 6.10043630e-02
6.51631579e-02 -1.02432035e-01 5.23869991e-02 1.95002109e-02 -5.48032187e-02 1.56585321e-01
-3.63206416e-02 6.48601400e-03 -4.42550853e-02 -6.81165159e-02 1.16330720e-01 1.11527286e-01
-4.06109281e-02 -4.23594229e-02 4.01943251e-02 -4.80089858e-02 -1.05103523e-01 -5.57746850e-02
8.03251192e-03 -7.85006434e-02 -1.52688906e-01 1.12104423e-01 -1.18704908e-01 -1.12884142e-01
2.96219680e-02 -4.17817011e-02 3.25324424e-02 -1.94404125e-01 -3.42835002e-02 -1.28996689e-02
-1.59651525e-02 7.77211459e-03 1.35415182e-01 1.26153708e-01 8.19250941e-02 5.62987030e-02
-6.79564476e-02 -1.76004670e-03 -1.54038370e-01 9.96085182e-02 1.35494903e-01 7.45618641e-02
-8.89292583e-02 1.62659094e-01 -1.12403110e-01 1.92091405e-01 -7.71066686e-03 -6.01457953e-02
-6.60174564e-02 -8.30615386e-02 -1.07771337e-01 -1.59028843e-02 1.35155201e-01 7.46548623e-02
5.02637178e-02 -2.10481938e-02 -6.17649406e-02 -9.40361768e-02 -1.30690694e-01 -8.42973143e-02
-1.03039198e-01 -4.57105003e-02 3.12961340e-02 4.36509624e-02 8.28730911e-02 -8.69146660e-02
1.03778448e-02 1.45912141e-01 -5.39205074e-02 9.45086330e-02 -5.30311167e-02 -8.71836990e-02
1.48533769e-02 -8.46972317e-02 6.63266852e-02 -1.97034672e-01 -9.60299596e-02 2.51793321e-02
-6.08526282e-02 -1.12801477e-01 4.93134074e-02 -1.21755406e-01 1.12619095e-01 -7.37888888e-02
-1.26021102e-01 -1.58364072e-01 -1.47209940e-02 1.89730953e-02 -1.21076994e-01 -1.50497304e-02
-2.37105787e-02 -1.10463656e-01 -3.32339220e-02 5.72148822e-02 9.32217762e-02 -2.58403961e-02
-1.59039453e-01 6.69209957e-02 -1.25555573e-02 -9.96902883e-02 -2.26138961e-02 -2.05704607e-02
-4.97675389e-02 -4.27876227e-02 6.89617023e-02 5.99041674e-03 -1.16716875e-02 1.49225399e-01
1.63702622e-01 5.69611713e-02 5.36441663e-03 1.23908930e-01 1.02187470e-01 8.87464359e-03
1.02043241e-01 -2.72920318e-02 -1.03661977e-02 5.66943213e-02 7.42884055e-02 -4.38490324e-02
3.18811610e-02 -7.28105232e-02 -8.76394585e-02 3.19954492e-02 -3.22329365e-02 1.07560493e-01
1.55929103e-01 -3.46768415e-03 -3.56017519e-03 -8.11302066e-02 1.78790227e-01 1.12197632e-02
-5.27426191e-02 -1.75790772e-01 6.46110997e-02 3.53213847e-02 -8.09863023e-03 3.41114923e-02
-1.07999131e-01 -9.31019858e-02 6.61588879e-03 -1.94037110e-01 -7.01034516e-02 -1.02526210e-01
3.73377055e-02 1.18740529e-01 1.43846840e-01 -8.49601179e-02 2.71591544e-02 1.09303810e-01
1.76167861e-01 -8.43344778e-02 -5.57218716e-02 -1.52737439e-01 5.22175618e-02 -3.56188565e-02
-1.13469856e-02 7.22851753e-02 -7.46773779e-02 -8.71912166e-02 -1.26709074e-01 -9.35124978e-02
1.38858249e-02 -1.10322066e-01 -1.23820208e-01 1.57820418e-01 7.81390071e-02 9.55469459e-02
-1.15885392e-01 -2.97565218e-02 -1.07241608e-01 -1.21890493e-02 -5.83364815e-02 -1.05172843e-01
1.12974264e-01 -1.74352452e-01 7.51343369e-02 -1.04045437e-03 8.04794431e-02 3.03595420e-02
2.03228965e-02 1.55869409e-01 3.03416084e-02 6.50632603e-04 -5.62319718e-02 6.69990852e-02
7.29828775e-02 4.63896990e-03 -1.64861485e-01 1.16034009e-01 -1.83998331e-01 1.34702086e-01
-7.56867304e-02 -8.16385075e-02 5.36423139e-02 1.81431547e-01 8.39393884e-02 -1.43158779e-01
1.38264343e-01 4.78916802e-02 3.01554576e-02 -5.98031804e-02 3.05438656e-02 -3.29027921e-02
-6.23808317e-02 5.98680004e-02 -1.01000622e-01 6.08493388e-02 1.10013060e-01 -4.78073070e-03
-1.58839330e-01 1.60580903e-01 2.26074066e-02 -4.78237979e-02 1.07692055e-01 8.29420686e-02
7.01916218e-02 -3.96815129e-02 1.68772973e-02 9.57629643e-03 -7.47726411e-02 1.53609872e-01
4.73291837e-02 7.33846575e-02 5.04537709e-02 -3.81992869e-02 5.37257968e-03 -1.19191902e-02
1.23487845e-01 -5.26869744e-02 1.39435958e-02 -1.38481900e-01 -7.25990385e-02 2.74982769e-02
5.08324578e-02 1.81666836e-01 8.88934508e-02 4.98680174e-02 1.16577804e-01 -1.35163516e-01
1.45156607e-01 -6.94222972e-02 -5.75399697e-02 -2.74319071e-02 -7.16671795e-02 7.16440231e-02
-6.62214383e-02 -8.19162466e-03 -3.50037552e-02 -1.20291738e-02 -7.78668153e-04 4.16319184e-02
-9.66670215e-02 6.29099533e-02 1.20898388e-01 8.45366642e-02 -8.26891745e-04 4.26022224e-02
8.53981227e-02 1.19342543e-01 1.83152467e-01 -2.95902118e-02 -2.22528838e-02 1.27337202e-01
3.04265451e-02 -1.19246207e-01 6.34729490e-02 -1.03334956e-01 -8.21253099e-03 -8.68194774e-02
6.80702254e-02 -3.61667089e-02 -6.47250637e-02 1.68335393e-01 -8.96093696e-02 -1.01441897e-01
5.86815029e-02 -6.00397624e-02 -1.54921070e-01 -3.28300819e-02 -7.91887566e-02 -4.53477986e-02
1.30822748e-01 -1.89679731e-02 4.75222766e-02 -3.39546315e-02 1.72441304e-01 -1.37011558e-01
-4.90112044e-02 3.62538137e-02 -5.89972362e-02 -1.01682507e-01 -4.24565300e-02 -2.28835773e-02
-2.34503224e-02 1.25038609e-01 -7.96222836e-02 4.18018214e-02 4.54053134e-02 1.24344051e-01
4.31363434e-02 -1.95508301e-02 1.68214589e-01 -6.28170744e-03 6.76802173e-02 -2.47099064e-02
1.74055621e-01 -5.20735458e-02 4.93698418e-02 1.48242071e-01 1.69248775e-01 8.98071751e-02
-8.87588337e-02 -1.79419369e-02 2.47767568e-02 1.87354252e-01 -5.86582348e-04 1.27585441e-01
1.25730470e-01 4.78583947e-02 1.83464065e-01 -3.01614800e-03 -5.97772859e-02 3.73464786e-02
1.78020194e-01 6.05229102e-03 -1.35293752e-01 -1.54753953e-01 1.26955286e-01 -8.64200145e-02
1.23817943e-01 1.49627831e-02 -1.47227064e-01 -4.55124937e-02 -2.85737682e-02 1.41977057e-01
1.69529847e-03 -1.30706593e-01 -1.27007738e-01 -1.25824139e-02 -9.90546076e-04 -1.29288927e-01
-3.34336399e-03 1.27559602e-01 -1.41182393e-01 -1.37705922e-01 -3.19358497e-03 5.83142713e-02
1.54316723e-01 -1.90530330e-01 1.19966210e-03 1.87842354e-01 4.78574075e-02 8.90863910e-02
-7.50275329e-02 1.63069993e-01 2.23192479e-02 -1.29135191e-01 -8.98460075e-02 -9.34808999e-02
-7.65343755e-02 -1.08173937e-01 1.03251711e-02 1.34441271e-01 -1.16923992e-02 9.10100639e-02
-7.46559948e-02 -3.22138779e-02 -1.72113173e-03 8.56227800e-02 1.22996666e-01 6.73274696e-02
5.73191121e-02 -1.15857929e-01 1.10380478e-01 -3.60049866e-02 5.64245395e-02 -2.07970645e-02
-1.56392172e-01 4.41168249e-03 -1.23917998e-03 9.54683498e-02 -1.60929430e-02 6.65701628e-02
-6.80915490e-02 -9.17100161e-02 1.47481859e-01 2.29046457e-02 -1.97385028e-01 7.37787113e-02
1.37115374e-01 1.13624576e-02 -6.96984902e-02 2.65246374e-03 1.25012115e-01 -6.34248704e-02
2.81540509e-02 1.36111632e-01 3.36997509e-02 1.33819863e-01 -3.46921943e-02 -5.67035638e-02
9.30363759e-02 -5.68669513e-02 -1.17442859e-02 1.99903082e-02 4.77860384e-02 4.40369360e-02
-4.23843600e-03 6.10376522e-03 -1.45755813e-01 2.92199571e-02 2.20160279e-02 5.81551790e-02
-1.88046489e-02 1.32004276e-01 1.48532048e-01 -9.58504006e-02 -1.13623828e-01 -9.84477177e-02
6.92440495e-02 1.08266726e-01 -5.66144325e-02 1.15424134e-01 -1.73326284e-01 9.29079428e-02
1.16738945e-01 -2.13102344e-02 -5.57200834e-02 -9.54825580e-02 9.49190408e-02 -1.49530053e-01
-7.87167531e-03 7.96118006e-02 -5.39780594e-02 5.17322496e-03 1.44801512e-01 -1.93283617e-01
-5.95045239e-02 -4.87458184e-02 2.03029439e-02 -7.27581382e-02 -1.18120030e-01 -1.68410644e-01
-1.57685831e-01 3.63840796e-02 4.59302440e-02 -4.80687208e-02 -6.03634156e-02 -8.00236762e-02
-2.89670285e-03 -1.34233266e-01 -1.61025897e-02 1.56854704e-01 -6.13776594e-02 1.08607143e-01
1.51127949e-01 1.10021140e-02 2.30257288e-02 -6.09479733e-02 -1.54000027e-02 -8.00904706e-02
1.62454113e-01 -1.04758188e-01 -3.30346124e-03 -5.43141440e-02 -6.70014620e-02 -1.12944812e-01
-3.41131836e-02 5.65408841e-02 -1.28835857e-01 2.37090923e-02 -4.13235873e-02 7.44215250e-02
5.35029843e-02 -1.48173990e-02 -2.79993415e-02 3.81580330e-02 6.78712055e-02 -4.83341664e-02
4.06389944e-02 -3.75840813e-02 -7.64517263e-02 -2.91070323e-02 -7.72746578e-02 -4.24166620e-02
2.09023342e-01 4.63360325e-02 -7.24852756e-02 1.61448717e-02 -5.99918999e-02 -1.20162994e-01
1.55530944e-01 -1.16744556e-01 -1.79255456e-01 4.47302721e-02 3.60820591e-02 -8.63039047e-02
-2.66106054e-02 1.24102253e-02 5.20215519e-02 3.45832631e-02 3.80700938e-02 -2.87138689e-02
5.52798510e-02 -5.20429164e-02 -6.93762228e-02 -4.40792851e-02 5.66560514e-02 -4.87794094e-02
-1.59808755e-01 1.35042714e-02 3.37361842e-02 -1.00465290e-01 -2.45400984e-03 -7.57077187e-02
2.95786597e-02 5.93347885e-02 1.57374620e-01 6.89397603e-02 -1.49558902e-01 -7.91844353e-02
-1.05771035e-01 2.19467375e-02 -8.89409857e-05 9.44265909e-03 3.01527958e-02 1.36438936e-01
1.47941351e-01 -2.73300260e-02 7.83520867e-04 -1.39388442e-01 9.95909497e-02 3.31245810e-02
1.75520033e-02 1.92831799e-01 1.01975650e-01 -1.25713021e-01 4.42142263e-02 -1.88857079e-01
-2.32483959e-03 7.12275580e-02 8.46473351e-02 3.86090018e-02 -5.60648963e-02 2.22884584e-03
-1.47491051e-02 -1.10158056e-01 -6.36466146e-02 -1.33490842e-02 -2.16314308e-02 1.46234244e-01
9.67232659e-02 3.19829881e-02 1.07448101e-01 -1.96709782e-02 -8.71601105e-02 9.25229192e-02
9.83242393e-02 6.26404583e-03 -3.28642949e-02 1.59387514e-01 -1.77646458e-01 -8.84454399e-02
-7.88570940e-02 8.08274224e-02 -1.08180568e-01 -1.91394627e-01 -8.62833783e-02 8.17325190e-02
9.78128910e-02 3.46629359e-02 1.48607954e-01 5.44120818e-02 -7.31077231e-03 -8.87066275e-02
-1.34448996e-02 4.12307493e-02 1.31207174e-02 -5.49169779e-02 4.70462814e-02 -2.85805278e-02
-4.49444801e-02 3.88992839e-02 1.46990955e-01 -6.26536682e-02 1.37452960e-01 -1.05960049e-01
-3.11666708e-02 1.40960991e-01 -1.48515895e-01 1.26619816e-01 -4.11412753e-02 -8.97004530e-02
1.12986200e-01 4.23831157e-02 7.37915114e-02 1.71134323e-01 -7.54449442e-02 6.99957535e-02
-7.19690472e-02 1.25154004e-01 4.83144447e-02 -2.55344007e-02 9.92346406e-02 -5.61575778e-02
-1.99699908e-01 -1.39826521e-01 2.79661771e-02 -1.83827262e-02 -2.32348479e-02 -9.43376720e-02
-1.44433200e-01 -3.79255638e-02 1.10942930e-01 4.40694988e-02 4.14120927e-02 -2.73426622e-02
-1.38098270e-01 -5.82560636e-02 -9.15620327e-02 -9.41196457e-03 -1.34987861e-03 -1.01680003e-01
-9.02104471e-03 -6.43503144e-02 -1.24532558e-01 6.89842626e-02 -1.87884420e-01 1.11750655e-01
-7.76275322e-02 1.49950339e-02 7.26217106e-02 6.49555400e-02 -9.89380106e-02 4.04918082e-02
-2.40399931e-02 2.47895326e-02 3.36414017e-02 1.31513134e-01 3.33930030e-02 2.65789703e-02
9.40305740e-02 5.49268462e-02 -2.13363264e-02 6.26186058e-02 -1.42986640e-01 -3.43188867e-02
1.14654392e-01 3.70239951e-02 1.40335307e-01 2.47605033e-02 4.11967710e-02 -6.26608357e-02
-8.28787591e-03 -4.53504398e-02 -3.27049531e-02 4.74967323e-02 -1.44290626e-01 -2.89513700e-04
-1.57714665e-01 -2.27718167e-02 -8.48254710e-02 4.28073406e-02 -3.57860816e-03 -2.23288108e-02
1.48169905e-01 -6.86529875e-02 -1.33440867e-01 -1.93535507e-01 5.69757596e-02 -3.84083949e-02
1.31220683e-01 -1.05309710e-01 3.40622268e-04 -2.65859552e-02 1.39326945e-01 1.13582900e-02
-4.91304370e-03 7.85067957e-03 -2.33440194e-02 -4.94508669e-02 6.74893782e-02 -1.05442680e-01
2.80131251e-02 1.17728040e-01 4.05500829e-02 -9.32336226e-03 5.76376617e-02 -1.22133363e-03
3.80770564e-02 -7.60079455e-03 -3.46328020e-02 1.79201841e-01 6.81603402e-02 6.67806342e-02
3.55878733e-02 -6.14943504e-02 -1.28204674e-01 -8.31107199e-02 2.86576636e-02 5.60442880e-02
-2.37473869e-03 -1.12719454e-01 7.15829358e-02 3.22309905e-03 1.91484094e-01 -1.70711458e-01
5.98701276e-02 -9.34636369e-02 1.24635153e-01 7.05623999e-02 1.12989709e-01 -1.99925359e-02
9.49294493e-02 1.76999101e-03 5.68049364e-02 -1.16657004e-01 1.28006846e-01 -2.44727321e-02
6.77826032e-02 3.42074083e-03 5.60311414e-03 -1.63379744e-01 -2.28215544e-03 2.17793845e-02
1.98072344e-02 7.86556602e-02 -4.61714454e-02 2.69608181e-02 -2.13619769e-02 6.52493760e-02
1.47086643e-02 -9.94372554e-03 3.25282589e-02 -1.09650962e-01 6.14938252e-02 -5.44654764e-02
-1.71704710e-01 -6.91266209e-02 -7.46651068e-02 1.28111973e-01 -1.08414590e-01 1.01323150e-01
-7.55129829e-02 -6.21479712e-02 -3.52585241e-02 4.73701917e-02 -1.23346627e-01 -7.42755979e-02
-8.07835832e-02 5.65663651e-02 6.39948770e-02 -8.02601967e-03 8.94559547e-02 3.72349028e-03
-1.30535468e-01 -1.60891581e-02 1.03710644e-01 1.18554123e-02 5.97460307e-02 8.17932487e-02
1.09801546e-01 1.84921473e-01 -1.11595787e-01 -2.11466718e-02 1.35721117e-01 -4.75154296e-02
-3.65622677e-02 1.33024201e-01 1.02160551e-01 -1.10311739e-01 2.78851707e-02 -1.04115292e-01
4.34566885e-02 6.08193427e-02 -2.44333465e-02 1.05143096e-02 1.17583945e-02 1.08237997e-01
7.09589869e-02 7.75980577e-02 -7.80378059e-02 6.13471828e-02 -7.14149028e-02 -8.78361538e-02
-6.40882552e-02 1.39883101e-01 1.52773604e-01 2.73214076e-02 -6.65954575e-02 4.32733037e-02
9.10895094e-02 -1.87934302e-02 -4.66807671e-02 -5.66533022e-02 1.86105832e-01 1.37900949e-01
-3.84388827e-02 1.67358369e-01 7.90569261e-02 1.58140853e-01 -1.01582050e-01 -9.15490836e-02
-1.52620584e-01 -6.51756451e-02 -6.25758991e-02 -3.09980065e-02 1.03134312e-01 -1.15751393e-01
3.61399949e-02 4.64322641e-02 -1.38570756e-01 4.72927801e-02 5.43092145e-03 -1.14349663e-01
-7.30926776e-03 1.31788239e-01 6.64807186e-02 3.17542851e-02 2.67289598e-02 7.59143010e-02
1.55648701e-02 7.85890669e-02 -1.28008932e-01 5.58435954e-02 1.25169486e-01 -2.04546288e-01
1.68874055e-01 -1.67046732e-03 -3.54917981e-02 6.54529333e-02 1.19984955e-01 -1.60883829e-01
-1.52405202e-01 1.48406863e-01 1.42257035e-01 -3.39429192e-02 1.57319576e-01 -5.08189313e-02
2.32070182e-02 1.02937534e-01 -2.43830532e-02 9.38031077e-02 -1.29401579e-01 5.67946061e-02
-1.27717644e-01 1.64173320e-02 1.25048682e-01 7.98499063e-02 -6.04854152e-02 -4.20924313e-02
-2.58253999e-02 -2.50000469e-02 3.31499055e-02 -8.31450000e-02 1.00282431e-02 -7.17991665e-02
1.37849912e-01 1.23986758e-01 8.32660720e-02 2.74797268e-02 -1.85489804e-01 -6.57430515e-02
4.09130864e-02 -8.73763263e-02 -5.26259169e-02 1.71361715e-01 1.61092684e-01 4.01106030e-02
-1.57820117e-02 -9.08720940e-02 1.90888103e-02 -1.25132039e-01 1.35245606e-01 -1.00010000e-01
3.19856629e-02 -7.55695105e-02 2.55780146e-02 -3.73050310e-02 -8.43570083e-02 5.80218956e-02
8.52239877e-02 -5.71003146e-02 -1.01824895e-01 -7.33537003e-02 1.52719608e-02 4.16924879e-02
2.24996842e-02 3.37880701e-02 1.45512566e-01 -5.71489744e-02 9.29292291e-02 5.74823981e-03
1.39205325e-02 1.70233548e-01 -5.37674837e-02 8.12542066e-02 -1.09040439e-01 -1.19192544e-02
-8.93853903e-02 -1.37379915e-01 -3.00293625e-03 1.00039288e-01 7.31645748e-02 -1.52593628e-01
1.02690570e-01 -1.29242286e-01 1.06102005e-01 4.77928221e-02 -1.20616816e-01 -2.30814237e-02
-4.36891466e-02 1.48015589e-01 -2.07340121e-02 6.46818103e-03 6.47145882e-02 -2.10970845e-02
-9.00685564e-02 -2.45810226e-02 1.77396789e-01 -5.13718016e-02 -2.73323003e-02 -5.60466535e-02
-4.41735834e-02 -4.40396778e-02 -4.16134447e-02 6.70480356e-02 3.83617207e-02 1.21118268e-03
5.52432127e-02 3.35151665e-02 8.92959237e-02 4.65692393e-02 8.96285698e-02 1.01562962e-01
-2.88620051e-02 -2.33612489e-02 -7.76799545e-02 1.20932525e-02 1.48834810e-01 8.12874511e-02
-7.88830444e-02 -1.72184587e-01 -1.95983291e-01 1.91396162e-01 4.74060467e-03 -2.71703005e-02
1.06982984e-01 -1.32721275e-01 8.91187787e-02 -1.04783047e-02 -1.11346304e-01 -1.88946333e-02
-3.90092432e-02 -1.08169645e-01 1.70275539e-01 1.06866315e-01 -5.21008447e-02 2.12515220e-02
-1.12818956e-01 6.10717162e-02 9.01259705e-02 -5.11995628e-02 1.70004323e-01 1.32310569e-01
-1.47161365e-01 2.01224405e-02 8.71253163e-02 -1.00274503e-01 1.63137428e-02 1.75204128e-02
-2.01085091e-01 -1.56336129e-01 4.94078770e-02 -1.20393254e-01 9.04414430e-02 4.83416878e-02
6.64908737e-02 1.00048348e-01 2.92212423e-02 7.32332468e-03 -1.35827800e-02 -7.02049211e-02
7.44059309e-02 2.30845492e-02 -7.85564631e-02 -5.88432103e-02 2.13314823e-04 -2.12421198e-03
5.59177995e-02 5.96648082e-02 1.77862436e-01 4.41494100e-02 9.91628394e-02 9.20699015e-02
1.65591419e-01 -1.61798447e-01 6.30328879e-02 -9.42914411e-02 -1.65313259e-02 3.77655285e-03
2.91699953e-02 2.84720734e-02 1.30303264e-01 1.02520555e-01 -3.05188298e-02 7.20433518e-02
1.10388279e-01 -1.40330687e-01 -1.53951701e-02 -6.36819005e-02 -3.25122923e-02 -4.41809781e-02
-1.82516754e-01 1.74122155e-01 -1.14917822e-01 -1.59065396e-01 -5.06516919e-02 -5.53107299e-02
-9.94862020e-02 -2.20895931e-02 -8.81089494e-02 5.40513396e-02 8.08405206e-02 1.27426133e-01
7.85315707e-02 -1.30292801e-02 -2.27470417e-02 -3.66557315e-02 -4.50933389e-02 4.42214049e-02
9.53219756e-02 -1.49038538e-01 6.59834186e-04 7.81880841e-02 -1.80982463e-02 5.61076216e-02
1.54320136e-01 4.73582409e-02 2.93824673e-02 -1.41362280e-01 -1.29573131e-02 -9.80255008e-02
4.56529558e-02 -6.31332472e-02 -1.58013210e-01 -2.94701494e-02 -1.53457269e-01 1.07160993e-01
-8.15990269e-02 -9.45638493e-02 1.77315697e-01 4.29439396e-02 3.89259793e-02 3.72200720e-02
-4.20537256e-02 -9.29195657e-02 -1.09595738e-01 1.74080357e-01 5.86983226e-02 6.40584081e-02
-3.30144130e-02 5.82654811e-02 -3.26377004e-02 9.17459186e-03 -7.74727166e-02 6.49008527e-03
-4.01644558e-02 3.13414447e-02 1.98896497e-01 2.57802699e-02 -3.34725645e-03 1.25246838e-01
1.17612034e-01 5.51074557e-02 2.47050971e-02 -4.78204153e-02 -1.14220500e-01 4.27644625e-02
8.18657577e-02 -7.37706572e-02 -6.11713976e-02 -8.32917728e-03 1.42928541e-01 -9.70073715e-02
-8.60307217e-02 4.75607486e-03 -9.09692198e-02 9.84767526e-02 2.97102681e-03 1.78372696e-01
-1.26290351e-01 -4.84097004e-02 -1.49809390e-01 -1.19735837e-01 -6.06481023e-02 4.89666611e-02
8.69157910e-02 1.85350686e-01 -1.08205505e-01 -9.60494578e-02 -5.26559092e-02 9.72418040e-02
4.99317087e-02 1.39071599e-01 -1.18236067e-02 -6.54662922e-02 1.05327241e-01 8.10067430e-02
-6.36318848e-02 1.50335252e-01 6.66289926e-02 5.19319735e-02 -3.56792659e-02 1.50451409e-02
1.02953672e-01 -1.15193158e-01 -1.05056107e-01 1.21176869e-01 1.09785512e-01 3.23040597e-02
1.46613335e-02 -2.66160946e-02 1.79803930e-02 1.44447416e-01 -1.10239640e-01 -1.55834451e-01
4.77091856e-02 3.70915681e-02 -1.42747629e-02 1.56726137e-01 -9.67671126e-02 6.67856261e-02
-1.19895618e-02 -1.46265514e-02 1.15475789e-01 1.98056288e-02 1.51855245e-01 3.76564190e-02
1.54880643e-01 -4.67145294e-02 7.25070341e-03 2.84561459e-02 6.29070550e-02 7.89079592e-02
1.22054271e-01 1.41272768e-01 -9.53348503e-02 1.73123796e-02 -9.95416939e-02 -1.13660604e-01
4.32728454e-02 -8.19444731e-02 1.49986502e-02 6.48148879e-02 1.30912485e-02 -1.38729006e-01
9.63501036e-02 -5.85897155e-02 2.16918555e-03 1.00170217e-01 7.95013234e-02 -7.81986490e-02
5.30907512e-02 1.47005707e-01 6.79199323e-02 -5.71342595e-02 -1.43577501e-01 3.47100943e-02
1.03524886e-01 4.98608500e-02 8.93612877e-02 7.21687078e-02 -3.90662514e-02 -9.81332511e-02
2.75454707e-02 4.80079316e-02 -1.51953042e-01 -9.92200003e-05 6.98611438e-02 -1.82455108e-02
-6.22782893e-02 -8.69688988e-02 -1.85729600e-02 9.48201716e-02 -1.12344734e-01 1.05063086e-02
-1.44936010e-01 -5.23927957e-02 8.68674740e-02 -2.12174337e-02 -3.54836397e-02 -1.01858571e-01
7.08768889e-02 7.71620870e-02 -6.00076327e-03 5.90804555e-02 -9.53235477e-02 -2.16140784e-02
-3.78043689e-02 -1.17815308e-01 -2.29655206e-02 1.81625009e-01 3.72419879e-02 -1.75476596e-01
-7.72029161e-02 -1.15658551e-01 -8.93213749e-02 1.01588152e-01 -1.39947757e-02 2.57286150e-02
-1.49890602e-01 1.67049125e-01 -1.51042804e-01 5.71890399e-02 1.05017312e-01 1.85873825e-02
3.15496847e-02 8.87356922e-02 -9.84770432e-02 1.61431000e-01 -5.34459986e-02 1.09718934e-01
1.26325682e-01 1.57222599e-02 1.59294337e-01 -4.29034084e-02 -4.57500815e-02 4.45001340e-03
4.05706465e-03 1.13941073e-01 1.13321625e-01 4.36482802e-02 7.33041689e-02 -6.26101494e-02
2.51827482e-02 1.23503804e-01 -1.73352748e-01 6.11057915e-02 -1.34510040e-01 3.39269452e-02
-2.83400826e-02 1.17649525e-01 9.58267525e-02 -1.14036046e-01 7.18991924e-03 -1.97029840e-02
5.79564869e-02 -4.52827029e-02 5.25237340e-03 3.12163923e-02 -4.91687097e-02 -2.04840619e-02
-1.06963240e-01 2.64548473e-02 1.09823905e-01 -1.99467614e-02 -3.39070372e-02 -1.53016463e-01
1.73288081e-02 -1.25490561e-01 -1.04029246e-01 -1.07358098e-01 1.56133547e-02 5.10132015e-02
-1.05077840e-01 9.01951062e-05 -1.75612658e-01 -6.01690114e-02 1.44670336e-02 1.34298801e-01
-2.17983518e-02 -7.24004805e-02 3.96503741e-03 -2.06549957e-01 9.08371657e-02 -1.74068864e-02
1.31084368e-01 -6.17198199e-02 1.52486917e-02 3.01463567e-02 1.07331954e-01 -1.13455065e-01
6.18220605e-02 -4.87319492e-02 1.01671815e-01 1.44130141e-01 -6.87211677e-02 2.49755755e-02
3.79371084e-02 8.27436000e-02 -5.52689359e-02 7.31845275e-02 9.22260992e-03 2.92953234e-02
1.08137608e-01 5.18519618e-02 -2.39761882e-02 -3.93585041e-02 -8.65048170e-02 -7.48506412e-02
5.52186184e-02 -1.44208610e-01 1.25354648e-01 -6.58209622e-02 1.17478430e-01 1.30674466e-01
-4.51859720e-02 3.09170410e-02 -7.13096634e-02 -5.74981235e-02 -4.71127257e-02 -1.29995346e-01
3.79857495e-02 6.60091788e-02 1.34353414e-01 -9.54267457e-02 -3.70333083e-02 5.49566112e-02
-1.32704377e-02 -8.65167007e-03 -8.58299136e-02 4.67870571e-02 2.02908833e-02 1.93612725e-02
-7.93167502e-02 -2.15152055e-02 8.90579075e-03 -5.88314012e-02 -1.81532621e-01 -9.44657922e-02
4.13238397e-03 -4.22786996e-02 1.11113891e-01 -1.38670966e-01 -5.13605475e-02 -7.82558024e-02
8.42902716e-03 -2.13695574e-03 -9.07798409e-02 -1.23178810e-01 1.98925033e-01 -3.08218729e-02
1.02653407e-01 1.82752222e-01 -5.42767532e-02 -7.74416998e-02 9.57057402e-02 3.23538445e-02
-1.49400085e-01 -1.20123409e-01 1.11207269e-01 -9.32193920e-03 -8.28497857e-02 -9.99295637e-02
3.41622457e-02 -4.15762402e-02 -5.10546342e-02 -1.00220315e-01 8.68838653e-02 7.12066591e-02
1.70370802e-01 -1.93750888e-01 4.22545224e-02 -9.96283349e-03 -1.40818283e-01 3.49470302e-02
-1.10724987e-02 -6.18796386e-02 -9.31602344e-02 3.86521295e-02 4.09515109e-03 1.43355295e-01
-3.25435400e-02 -5.36516402e-03 -2.86548026e-02 -1.07401758e-01 -6.00926252e-03 -3.30137536e-02
4.94066663e-02 -6.35810494e-02 -5.41669950e-02 -7.07829222e-02 4.48523164e-02 -7.14835972e-02
1.08495623e-01 -9.15019363e-02 6.74223900e-02 9.18658823e-02 2.03567147e-02 -1.76330730e-02
-1.75167888e-01 -6.23517297e-03 -7.82868862e-02 8.75415653e-02 3.88669334e-02 1.64112747e-02
-1.05644949e-01 -1.50394455e-01 2.98252236e-02 -4.60185967e-02 -8.49421043e-03 1.27130359e-01
9.34076216e-03 1.61194414e-01 -1.19084157e-01 1.32479202e-02 7.87426010e-02 -4.01950777e-02
-1.38533339e-01 -6.38381839e-02 9.60493609e-02 8.32364708e-02 1.16765037e-01 9.85072479e-02
-1.47960875e-02 -1.77303672e-01 -1.01287011e-02 1.76563263e-01 -1.63688436e-01 -1.01221604e-02
-1.28015444e-01 6.00098148e-02 -7.28371218e-02 1.48811594e-01 2.35382728e-02 -1.36622256e-02
4.47641425e-02 -9.08210576e-02 -1.81543622e-02 2.27298532e-02 -2.47177072e-02 -6.43143384e-03
-3.27391201e-03 -5.13945855e-02 -9.28631797e-02 -6.31610155e-02 1.84962198e-01 1.32473484e-01
1.54382825e-01 1.19675910e-02 -1.22360244e-01 -4.84602787e-02 2.77383551e-02 -1.00398883e-01
6.71221763e-02 -4.30490896e-02 -1.27420783e-01 2.69652270e-02 -2.38863789e-02 -1.49063552e-02
-1.94571182e-01 -1.79747835e-01 -2.10344773e-02 1.33932158e-01 1.99814420e-02 -8.97291228e-02
-4.54946607e-02 1.51711423e-02 -2.58818436e-02 3.34848128e-02 -1.71573147e-01 -1.31876588e-01
-4.84931543e-02 -3.18705179e-02 -7.97174051e-02 8.07248503e-02 1.00930966e-01 -1.62477866e-02
4.28721830e-02 1.25874840e-02 -5.19368891e-03 -6.74758032e-02 8.52129459e-02 5.44941016e-02
9.35030356e-02 -4.93619666e-02 4.92513888e-02 -6.44527152e-02 1.46996215e-01 1.54979497e-01
-1.33907184e-01 2.43538190e-02 1.64755613e-01 8.19016993e-02 1.62226647e-01 3.93140726e-02
1.23297222e-01 -1.30799068e-02 -3.07755619e-02 7.43134245e-02 -4.95455936e-02 -5.53143248e-02
7.34476596e-02 -1.02396915e-02 1.69532299e-01 -2.92594004e-02 -7.13363960e-02 2.38682535e-02
2.31489297e-02 1.43931031e-01 -1.90768465e-01 -6.91607669e-02 3.33851650e-02 -7.01311380e-02
1.41920492e-01 -2.24435348e-02 -6.01306371e-02 8.90632495e-02 -6.90900534e-02 5.90017848e-02
-1.94416801e-03 -1.39264032e-01 -9.79019329e-02 -9.65116471e-02 9.80188996e-02 -4.41702120e-02
4.49494421e-02 3.16265598e-02 -1.37691960e-01 2.80292388e-02 -1.09061554e-01 -5.29636033e-02
-2.30158180e-01 4.94236872e-02 -1.37218917e-02 -3.78088579e-02 1.91827100e-02 -6.61099777e-02